252,823,688,227,868,944,833,641,154,470,700,703,567,87
212,802,138,19,281,383,178,330,849,457,414,264,811,203,504,890,225,474,23,325,372,165,352,429,355,7,715,448,425
659,825,686,676,261,205,890,933,963,310,274,283,351,433,458,369,442,104,607,268,902,602,424
946,248
300,969,223,318,301,864,649,343,970,337,729,428,520,808,459,536,73,74,881,589,437
145,252,296,866,650,952,960,190,168,921,3,445,569,908,889,670,233,140,131,708,562,61,902
262,134,695,570,951,796,13,291,418,20,5,376,367,609,819,255
785
19,789,280,197,209
338,56,17,330,39,769,38,21,512,419,243,412,509,699,304,46,951,634,833,972,292,276,524,428,715,714,545,585,562
250,825,773,227,931,137,281,330,796,272,362,913,922,20,736,198,712,738,904,744,101,882
223,890,36
696,699,543,761,270,934,744,414,207,902,792
21,503,784,968,838,971,330,630,922
152,378,465,47,671,744,438
210,648,281,195,963,385,269,680,694,204,890,149,853,274,498,322,929,719,359,397,567,421,259,73
596,93,200,582,775,946,833,924,913,428,541,466,72,54,707,424
772,842,560,841,804,115,392,699,122,786,660,24,495,833,921,43,614,231,608,459,402,602
843,773,779,900,437
979,133,823,372,970,272,502,794,282,417,447,494,467,377,186,881
540,134,772,969,888,138,122,775,936,912
822,783,210,787,111,946,177,284,451,368,267,579,883,143,45,599,200,474,324,462,277,493,520,9,53
823,121,122,801,660,798,336,793,154,3,366,239,729,455,539,52,903,708,563,412,628
134,781,686,766,683,178,963,193,459,551,67,775,187,344,655,129,168,350,291,463,523,441,398,420,587
719,901
781,800,332,985,921,334,173,242,101,438,675,831,638,816,795,758,835,735,180,719,356,374,404,711,691
114,332,964,381,176,336,667,432,483,245,410,99,629,773,48,775,270,839,497,713,32,710,72,256,89
686,785,110,648,982,661,663,39,747,431,700,385,243,242,780,514,68,474,652,933,834,500,10,713,567,233
116,262,807,114,828,110,788,35,849,866,531,626,701,607,131,579,741,223,971,758,759,291,276,181,374,545,376,402,256
571,760,660,178,33,454,747,746,363,482,622,620,704,721,220,695,755,148,122,123,912,460,291,719,404,52,710,525,998,424
137,665,436,746,888,623,481,605,131,882,628,509,635,323,632,502,28,912,739,546,547,567,710,74,617
144,48,96,646,957,664,488,289,417,277,623,387,359,906,519,629,100
523,727,388,533,82,272,292
832,596,798,848,949,986,655,346,350,321,356,561,895,602
78,285,192,364,150,388,106,412,202,958,327,955,851,672,394,23,652,308,975,298,471,442,587,999,870
434,77,954,186,51,217,381,307,248,602
327,967,148,188,855,820,653,154,522,366,747,463,718,494,386,714,40,584,891,707,140,142,577
3,510,201,607
383,380,365,482,534,725,889,608,131,678,976,560,676,852,200,932,229,293,974,276,446,493,718,184,421,233,73
686,122,648,149,307,820,291,757,455,82,401,422,551
67,695,694,771,68,371,217,381,848,129,719,745,452,401,893,267,900,235,603
840,45,241,863,857,833,181,465,889,993,258,231,537,233,587,141,577,264
687,125,580,395,201,323,797,373,496,847,450,479,335,153,2,616,711,874,448
683,316,55,314,191,558,625,265,251,674,816,93,44,957,341,652,796,326,972,495,737,404,5,359,120
657,850,865,802,136,124,940,90,291,488,364,184,376,539,562,76
391,988,777,854,314,22,280,632,939,667,974,21,445,700,712,108,107,82,711,131,579
358,710,285
261,18,310,820,360,727,434,430,557,624,516,246,67,341,633,23,325,796,326,271,997,233,448,561,999,593
505,261,115,44,966,697,383,169,15,296,313,667,531,451,30,533,714,710,259,590,102,604,872
806,863,801,788,964,34,336,337,436,431,455,107,64,538,244,750,124,394,24,630,273,792,974,466,612,160,376,905
127,597,751,370,36,34,209,491,354,879,184,621,40,60,743,449,562
842,260,823,802,927,18,925,663,846,155,42,919,459,743,594,753,95,223,124,951,778,716,30,569,992,808,547,711
506,389,110,373
802,697,111,624,603
3,994,303,243,849,321,351
10,121,42,107,539,245,963,73,591,460
861,204,95,846,983,418,737,725,173,410,62,872
754,98,506,114,969,966,55,982,663,362,322,974,512,747,286,749,31,231,547
843,968,863,196,310,190,360,667,364,728,746,452,434,482,534,578,693,955,392,855,810,348,713,9,568
262,220,300,969,815,147,92,867,382,348,939,734,286,183,480,359,73,882
135,827,314,914,169,971,307,196,949,336,709,656,975,666,429,719,416,367,876,873,607,606,516
804,82,293,486,779,935,156,283,922
220,606
763,781,571,148,837,935,168,679,641,601,463,451,443,670,422,733
493,465,803,725,647,878,652,233
678,49,211,97,988,133,785,642,18,129,427,432,620,376,704,702,439,588,998,76
451,151,341,295
764,113,241,316,179,17,195,36,285,820,960,821,921,454,455,329,698,91,371,189,320,460,611,809,565,670,897,140
860,676,139,862,326,924,479,513,540,416,739,611,71,8,710,61,741,999
391,765,127,827,799,476,767,379,510,482,749,231,102,602
782,176,416,419,244,246,69,146,302,751,851,323,169,917,189,166,911,912,462,929,997,401,525,901
301,317,189,935,218,758,193,489,366,512,879,356,700,738,546,99,526,517,900,266
392,228,343,934,331,29,600,181,745,886,459,120,629,999
210,133,647,19,648,281,196,192,418,42,881,550,770,978,45,149,304,474,932,839,794,271,737,879,6,545,472,893,615
68,638,44,827,17,312,39,757,369,42,108,891
148,951,474,36,24,962,118,282,389,469,459,526,604,238,1000,76,89
959,128,908,955,405,565,341
861,260,95,392,930,176,118,461,445,363,725,31,749,430,525,563
349,205,341,288,513,727,610,458,558,160,456,721,83,808,618,438
734,230,314,933,953,345,707,759
790,746,302,726,598,32,55,219,847,460
4
116,765,957,288,353,239,523,376,456,65,257,670,60,691,517,617,872,87
659,822,890,58,967,55,214,188,473,944,769,666,162,355,183,557,537,63,50
989,77,146,394,581,971,665,274,209,445,746,728,568,536,604,84
620,131
860,79,261,761,643,34,158,331,20,976,955,890,751,270,206,129,345,810,757,7,879,406,585,568,255
338,357,715,178,264
134,989,688,318,215,647,19,219,848,364,727,431,419,414,265,202,506,979,393,475,936,912,408,446,298
152,220,261,889,90,196,985,588,793,1000,76
427,170,415,59,893,305,476,307,176,795,502
771,298,5,762,397,797,189,579,322,913,360
752,955,330,267,254,118
319,136,965,944,337,380,109,387,573,518,143,302,816,507,508,951,169,634,499,379,7,991,401,52,562
694,538,692,89,273
116,210,110,314,667,433,387,558,368,606,517,87,741,706,771,633,779,344,709,168,792,734,611,566,906
764,132,788,384,949,666,387,368,103,102,959,830,144,509,674,580,200,634,524,908,52,903,403,8,901,50
260,215,819
639,364,693,858,934,767,267,972,284
98,763,594,391,777,638,316,341,342,849,14,937,911,292,640,994,446,467,358,561,254
783,647,800,761,55,330,382,313,337,156,531,21,433,919,519,268,830,66,773,770,657,582,797,347,463,1,182,358
823,43,138,777,760,401,345
68,92,838,293,709,271,502,748,352,511,464,919,258,410,536,448,526,553
505,989,48,147,865,44,638,316,329,951,305,839,502,154,429,31,720,576,589
843,942,332,962,13,667,21,539,518,702,515,811,815,302,90,709,911,500,492,5,714,443,893,809,526
113,137,762,383,334,530,416,432,109,102,100,69,752,776,123,395,495,461,793,355,1,718,903,808,894,549,233
673,945
688,201,917,496,759,11,497,152,542,879,608,874,691,742,246
409,686,571,58,908,864,966,419,15,331
145,104
117,487,960,193,983,531,725,172,385,680,131,708,577,831,224,954,303,932,324,953,478,463,164,298,4,8,691,902,425,255
263,204,260,58,865,638,581,856,928,936,271,679,181,919,740,720,691,74,449,902
807,147,148,931,394,22,178,985,168,948,748,994,457,368,108,909,160,740,573,872,142,84,551
144,122,966,214
610,775,614,83,758,872,924,742,255
773,765,198,37
66,689,890,683,865,195,194,916,849,218,664,39,821,768,380,352,569,549,587,253
212,77,148,346,284,947,748,511,164,43,558,481,459,615,141
677,813,222,888,909,307,664,361,271,87,422
92,940,107,219,538,731,844
669,807,765,300,59,319,113,799,963,312,372,926,857,13,191,11,322,623,386,613,267,238,264
215,671,381,980,656,180,542,441,611,680,585,618,551
78,968,58,981,343,311,912,38,288,734,546,549,74,413,882,425,576
842,700,139,909,917,515,732,741
705
79,863,660,197,37,516,576,550,976,813,145,658,978,954,698,92,717,180,2,908,875,70,871,74,255
117,97,786,648,217,839,709,656,41,5,722,618,561
203,240,113,474,323,926,984,722,607,606,880,131,708
338,182,968,442,538,702,730,37
138,942,864,213,136,962,176,820,192,451,623,174,458,554,813,300,201,853,798,500,739,569,715,8
755,832,987,224,682,951,634,177,961,292,168,11,154,29,453,739,32,419,401,556,62,9,606
211,77,658,371,630
152,181,930,54,460
79,252,572
464,205,357,816,148,308,237
687,676,647,635,818,330,747,416,480,376,617,593
678,860,686,785,319,980,839,922,835,729,463,992,482,198,725,407,172,468,254,413,881
717,17,846
212,338,685,982,171,482,622,430,574,106,49,677,69,673,373,129,502,461,321,352,10,879,32,468,903,71,142
842,637,852,931,965,645,910,337,356,458,369,160,680,710,140,707,588,553,412
260,864,475,759
220,509,571,864,762,384,631,857,25,272,337,346,292,990,532,627,547,572,412,515,741,602
390,141
409,339,273
864,648,928,485,924,12,667,844,418,152,289,511,150,535,123,371,839,320,444,716,355,718,299,714,490,587,253,89
689,642,486,284,282,20,389,109,42,458,414,48,507,837,475,350,461,810,445,521,543,469,231,731,617,425,732
601,748,252,982,799,476,350
861,263,719,354,415,377,651,963,402,663,424
668,139,333,944,418,365,557,550,69,658,775,838,856,652,343,295,165,717,734,10,376,400,9,398,8,422,88,75,732,89
811,687,503,689,598,316,486,778,372,129,193,322,488,409,446,465,539,681,900,265,998,425,238
843,212,988,829,649,194,289,609,556,439,708,753,224,328,225,973,939,180,899,428,879,184,545,236,691,88,237
689,770,571,318,147,649,178,280,867,631,910,193,360,974,435,409,5,471,875,894,731,592,882
861,19,214,311,845,435,364,533,105,65,572,537,505,678,813,504,771,596,227,671,632,936,911,297,547,873,998,733
477
989,338,133,240,644,485,769,513,171,623,174,483,575,721,624,706,695,675,146,302,201,798,372,479,353,735,994,879,299
512,954,638,316,456,306,900,206,320,322
763,509,738,47,616,285,526,130
678,860,504,95,395,787,862,315,382,973,350,360,746,1,404,556,555,81,731,587,692
958,117,447,566,24,849,866
522,783,907,5,927,159,796,624,708,769,321
763,146,965,306,280,380,155,479,493,164,428,712,199,700,6,455,430,874,871,253
112,194,925,922,435,363,369,455,723,605,100,514,678,657,851,350,274,461,3,463,2,446,528,733,89
116,977,210,978,596,581,798,27,489,679,462,409,353,408,433,610,297,259,552,254,883
465,774,609,245,9,475,326,422,902
750,149,912,119,748,444,279,558,83,566,459,422,528
170,596,45,816,93,723,324,936,767,311,424
445,251,712,698,723,909,613,796,34,361
790,811,521,138,228,410,53,218,553,742
114,765,260,193,983,43,559,430,266,515,412,437,599,751,951,476,189,632,346,427,3,997,524,992,407,160,903,586
394,314,858,925,25,16,911,14,835,734,163,464,359,574,592
657,251,57,684,17,372,662,475,311,288,493,452,611,233,420,561
117,688,949,960,154,415,456,556,105,67,595,222,596,674,509,955,44,305,345,28,500,239,542,995,565,529,905,254,1000,76
977,979,440,441,749,934,871
353,400
735,203,631,382,254,414,237
682,55,944,450,11,451,919,918,627,707,752,813,128,474,857,650,478,910,833,429,231,72,872,898,902
97,753,908,215,57,647,242,744,561,84,733
600,698,621,837,459,255
814,509,113,981,373,346,209,454,493,718,164,388,691,588,589,593
302,685,88
10,682,877,896
687,114,969,113,16,334,192,530,430,703,81,517,577,814,149,47,227,634,275,162,276,995,442,525,1000
98,678,77,392,943,632,478,758,836,938,530,7,432,609,884,54,140,515
126,223,987,815,863,956,384,923,630,366,164,621,425
135,521,625,81,1000
427,669,676,689,753,599,649,54,710,285,516
596,47,486,18,867,943,218,655,380,768,835,170,352,378,454,387,612,722,65,518,140,515
977,678,391,570,18,485,191,291,348,183,5,406,575,234,819
462,542,927,607
804,78,967,217,11,641,535,889,622,608,267,99,830,594,958,147,22,951,206,129,347,654,163,611,9,236,89
147,483,638,298,323,70,881,895,76
626,165
807,988,965,827,314,661,280,924,489,511,431,579,772,224,851,44,306,632,709,206,653,938,5,471,583,614,231,898,425
843,766,139,487,17,296,970,665,152,180,171,736,545,186,705
570,217,960,337,601,266,67,813,771,223,224,94,580,699,951,855,833,522,995,712,4,472,529,618,142
639,676,987,851,684,649,634,933,650,709,192,360,278,745,4,410,575,730,592
531,260,597,930,187,655,488
750,509,148,225,648,217,24,797,176,857,859,463,407,904,670,74
807,842,850,390,777,323,325,650,948,460,170,408,378,369,703,65,267
754,677,674,216,316,649,55,343,218,285,12,531,739,543,480,235,247,628
560,133,44,660,838,476,485,217,313,272,13,769,996,462,150,151,725,919
863,329,230,371,218,326,973,985,42,258,526,730,75,732
390,580,761,19,697,270,24,166,39,937,283,2,287,993,186,406,106,9,61
212,841,865,531,884,104,819,267,60,815,91,631,502,309,791,719,543,374,715,443,583,52,257,402,259,692,89
785,661,218,155,389,151,174,575,61,741,977,67,639,831,816,228,90,307,446,163,494,404,340,407,873,50
822,693,213,508,581,935,665,351,479,453,444,275,879,569,71
929,223,318,148,122,609,105,584,254,897,901
811,121,684,25,157,640,428,297,483,539,102,881
3,261,113,305,743,666
212,760,217,866,666,454,482,108,620,532,722,702,579,576,772,677,771,509,970,630,498,913,427,355,277,278,377,425,690
240,981,330,644,11,922,530,286,369,627,60,246,678,696,773,955,954,295,129,759,347,717,164,583,593
112,941,942,137,943,331,846,640,531,707,514,773,750,328,475,166,272,833,347,209,712,738,993,613,900,872,425
262,989,805,750,776,967,636,372,644,632,166,630,274,790,426,397,613,567,233,259
772,752,393,394,219,936,910,353,354,185,562,733,883
784,68,395,394,486,325,849,645,833,656,209,726,889,109,534,919,359,906,905,681,61,424
594,147,647,317,305,331,795,165,835,717,446,718,401,80,692,412
300,133,968,225,582,92,341,229,837,324,962,372,632,285,923,364,622,472,401,680,681
811,890,44,930,966,915,282,1,808,398,585,606,233,73,880
262,824,860,961,926,287,723,608,625,264,755,694,852,817,971,952,970,540,3,735,352,276,7,990,403,255
571,318,113,965,315,655,502,640,735,2,359,186,173,627,421,605,629,576,628
500
800,873,780
114,783,58,786,699,761,966,671,633,499,779,278,565,604,88
754,364,639,542,367,381,631,848,923
829,450,948,728,482,175,439,705,958,813,205,771,798,295,444,277,163,354,4,469,401,396,894,586,905,528,999
988,765,693,786,648,218,348,161,530,10,286,1,746,622,419,904,566,874,103,604,742
755,69,804,689,127,853,179,951,857,12,464,523,532,443,8,423,588,253,61,577,76
668,316,801,643,18,196,13,171,454,538,84,576,706,125,657,837,855,476,290,795,352,2,734,791,9,710,615,618
560,251,969,789,634,868,436,408,600,356,749,64,873,553
349,135,132,338,826,927,915,839,39,654,713,565,397,519,873,60,603,563,50
865,19,330,450,14,667,748,288,416,727,65,707,60,694,147,582,46,855,169,650,542,494,441,471,714,236,448,730,617,588
782,506,300,571,914,342,361,150,415,809,626,70,248,883
262,214,946,962,155,452,481,538,629,696,755,814,327,122,697,932,917,655,320,495,162,995,375,30,612,52
506,339,388,826,566,334,628,360
250,979,753,610,406,303,383,579,412,155,901
929,95,431,302,32,359,874,757,255
782,783,788,684,849,867,947,12,512,417,452,888,724,574,956,855,631,497,353,465,358,51,403,589,564
829,643,661,284,453,433,456,244,127,699,294,474,270,296,502,321,460,426,719,184,878,548,258,809
366,116,621,186,194,711,421,767,238
920
117,132,965,317,827,214,195,33,962,947,621,703,704,537,573,881,603,577,203,300,391,978,252,188,475,585,563
815,341,332,474,961,501,157,290,498,493,364,182,466,298,5,611,419,105
807,782,941,215,785,241,648,214,362,640,433,483,627,459,887,265,959,850,128,95,496,460,7,471,400,423,1000
810
115,194,963,868,849,312,962,380,984,107,702,439,60,130,516,882,930,634,934,475,524,429,356,712,9
353,67,25,938,999
843,773,822,786,333,650,983,521,716,899,493,451,725,627,692
250,989,77,240,761,817,684,314,228,857,848,844,154,43,357,406,385,64,614,584,898,602
114,261,318,786,486,330,11,844,389,108,721,505,125,777,598,856,169,166,910,271,28,735,259,586,425
220,151,68,532,626,218,629
3,121,507,963,515,810
755,831,697,931,195,306,22,217,971,748,747,725,442,397,561,901
262,781,782,78,760,214,486,644,151,243,439,517,603,127,955,121,329,650,27,937,757,738,340,51,893,691,89,141
139,148,930,547,189,191,310,844,424,983
687,646,319,649,642,178,15,312,177,645,845,727,287,533,419,105,247,770,222,638,796,183,738,471,402,423,254
134,648,281,946,14,821,21,538,104,61,506,44,775,228,343,834,793,975,182,877,714,876,585,561
865,817,853,650,666,273,454,737,455,32,621,358,401,140,528
152,67,598,231,720,259,254,165
32,885,652,588,901
79,764,147,802,682,316,197,313,484,12,734,600,737,718,544,404,377,81,259
764,689,988,822,646,961,926,287,387,173,721,607,81,606,604,741,220,504,598,124,303,950,501,129,521,32,407,396,52,562
765,138,864,761,649,219,643,193,287,268,677,657,658,855,798,757,427,996,161,992,466,231,120,586,254,140,896
171,988,766,739,610,406,701,767,692
262,289,352,10,225,298,724,878,53,882,274
204,783,969,955,581,818,384,971,309,11,757,275,929,739,622,41,909,892,130,692
814,646,750,956,935,810,716,541,585,81,618,605
734,832,238
57,682
565,52,711,73,142
597,164,7,319,786,724,46,548,555,898
805,393,534,956,214,293,819,882,921,351,810
418,463,736,930,35,231,519,553,28,939
135,682,195,333,950,946,14,810,729,164,106,894,400,65,86
806,686,222,639,828,392,761,317,951,945,858,218,952,656,745,428,386,875,704,876,711,561,439
784,760,37,418,104,87,413,959,46,697,294,306,632,326,207,208,347,929,718,523,298,468,565,232,874,901
677,503,59,133,658,672,137,227,642,950,847,191,21,735,446,738,64,670,425
807,760,682,485,158,311,641,365,107,268,681,130,265,677,147,93,474,129,27,653,654,493,494,442,31
686,783,216,649,643,34,156,640,192,531,625,887,264,698,775,799,779,935,495,759,346,320,357,670,254,872
668,391,646,761,914,159,189,848,501,347,351,835,532,611,358,80,702,707,516
668,45,147,927,22,980,916,769,844,447,32,529,536,439,588,733
260,752,504,45,777,56,930,213,229,855,644,631,501,336,362,155,151,604,87,100
824,812,144,764,55,384,189,295,313,196,361,768,641,21,734,466,723,714,64,875,414,579
440,188
660,478,309,708,335
505,48,594,677,145,832,24,272,37,366,791,1,899,483,172,490,701,871,552
989,112,647,137,372,345,271,14,666,461,445,918,875,874,568,265,999
687,677,979,750,683,110,194,630,362,334,489,208,351,170,162,714,575,519,552,550
762,177,985,288,363,369,480,481,519,707,266,594,695,222,509,303,371,270,373,935,460,427,996,297,907,614,259,256
135,210,648,110,940,159,380,193,984,109,480,723,704,537,596,636,797,679,427,184,340,396,904,549,731
135,432,328,633,159,236,525,666,75,322
451,968,225,214,258,962,34,549,346,425,488
646,44,230,341,962,362,640,810,363,715,533,624,449,881,235,84
114,753,390,672,200,111,33,311,292,273,513,745,31,537,680,602
215,110,342,779,986,450,165,181,908,567,897,413,563
825,20,277,278,419,856,798,566,72,629,50
116,393,341,660,18,971,916,344,501,477,348,366,728,184,8,880,248,589,896
127,241,90,943,757,38,531,175,6,42,430,720
867,102
139,395,720
764,693,930,332,187,779,13,365,356,878,257,53,536,63,896
696,920,224,318,570,648,957,92,956,294,371,794,912,181,416,415,340,612,376,529,618,872
329,19,508,775,90,838,35,308,644,450,165,208,540,416,452,472,572,590
990,961
805,919
696,772,224,56,213,230,932,485,382,331,667,472,808,616,720,906,120,53,573,518,553,592,141
789,475,641,460
920,263,332,16,645,193,700,608,63,249,602,958,635,856,799,652,207,792,735,522,464,879,440,186,399
121,240,671,188,229,169,631,939,360,426,908,405,572,268,586,690
202,96,850,753,682,122,660,937,311,347,154,492,171,994,7,430,40,9,420,605,130,732,619
260,752,675,840,942,761,47,856,217,39,292,877,186,106,808,105,244,557,616,568,902
595,784,582,863,827,933,461,792,427,530,899,363,992,470,441,377,536,605,515,564,85
688,803,927,650,986,496,655,156,167,29,180,463,171,994,623,375,723,443,107,740,892,629
715
678,146,622,685,914,644,934,87
3,866,61
785,570,751,661,197,217,899,739,419,160,443,430,587,86,248,247,550,602
668,220,59,112,19,644,836,521,150,367,894,554,553,525,437,256,733
686,300,215,580,214,227,281,634,944,496,360,460,835,378,726,713,990,574,231,690,706
260,138,864,966,214,179,943,14,170,150,106,606,677,755,201,272,426,713,377,442,875,876,585,587
807,686,669,133,760,788,281,866,286,105,506,68,852,393,230,951,90,27,972,994,440,185,52,906,254,898,142,237
153,512,226,909,254,320
145,390,543,633,626
824,144,503,771,121,682,647,17,169,644,330,310,452,466,712,467,545,403,423,422
171,408,646,480,258,105,972,769
251,45,787,195,953,631,858,645,166,26,310,282,418,151,457,482,993,455,875,579,89,141
890
688,967,55,893,894,267,591,975,192
832,318,149,818,230,953,191,847,844,3,996,429,428,995,431,43,534,809,400,75
654
380,845,640,282,513,889,410,517,811,44,91,46,651,370,324,936,794,833,500,734,894,547,561,425
755,850,805,571,93,124,798,953,270,944,655,21,162,417,452,718,30,172,244,607,243,629,589
453,763,594,804,5,430,538,961,821,488
801,664,524,388,359,558,885,414,998,564,264,732
842,252,146,215,241,786,709,129,821,569,387,199,534,257,76
125,997,1,957,442,909,798,711,615,973,347
125,687,203,114,69,318,829,762,371,634,284,996,600,736,482,388,4,106,616,120,742,629,246
241,213,137,111,178,485,156,846,666,368,249,61,437,203,222,770,127,776,635,818,932,24,497,463,734,877,548,259,88,733
210,138,56,197,158,13,12,119,454,456,269,701,518,744,602,773,752,815,147,166,309,495,836,376,401,905
659,754,976,204,473,310,129,27,985,947,600,416,713,610,456,242,103,84,902
892
48,993,671,293,344,382,960,422
806,112,17,381,943,366,534,242,578,515,100,411,755,815,341,634,934,792,405,470,565,566,236,897,591,75,528,619,564
463,95,213,611,848,246
754,68,815,148,226,633,270,484,206,910,972,665,974,167,654,299,32,186,70,894,519,89
828,195,981,867,821,380,983,488,435,365,727,63,81,125,695,503,328,227,324,295,351,3,161,160,549
824,77,805,785,332,789,384,194,15,450,986,288,439,101,603,659,770,95,672,930,22,632,913,491,426,398,617,256,76
811,597,301,225,200,90,229,950,963,343,985,756,366,20,994,287,724,520,703,893,400,566,604
59,319,761,817,508,876,833,528,741
977,594,128,749,70,758,166,309
427,21,302,369,110,160,430,868,821,667
116,824,79,963,662,13,948,434,534,82,269,607,459,552,61,696,250,839,972,165,938,28,162,493,357,873,568,256
135,676,786,241,774,838,381,159,476,640,975,983,180,389,388,566,537,780
860,138,313,923,38,727,700,621,559,627,885,105,720,86,437,550,675,978,302,121,815,671,346,209,491,164,907,545,141,593
97,145,638,329,293,943,176,926,912,322,531,182,442,875,104,421,705
134,688,673,570,636,13,923,161,492,172,173,749,871,550
470
409,959,877,672,32,185,394,111,179,315,50
261,571,864,762,982,485,847,748,433,746,889,105,883,628,223,301,581,970,129,833,378,464,279,467,253,76
116,263,784,840,316,315,847,152,452,43,518,743,437,126,508,581,476,290,656,479,792,541,407,566,906,399,618,563,1000
755
98,728,623,699,83,538,943,9,900,271,253
597,608
240,319,136,966,965,370,928,196,284,320,291,389,494,738,175,723,245,403,710,579,564,141
594,766,778
851
765,431,862,651,270
676,210,327,138,682,647,940,956,799,381,385,244,707,84
135,686,260,805,58,965,178,196,218,985,364,749,269,701,772,676,222,504,837,473,166,408,739,5,547,567,448,902
669,261,281,197,769,154,558,701,267,61,752,504,580,302,973,168,409,995,183,879,401,905,549,618,74,88,142
76
668,860,683,942,57,827,195,106,595,122,92,957,931,227,323,778,858,779,373,379,716,524,403,9,54,897,564
463,339,442,16
764,804,805,35,450,360,600,431,419,537,554,267,249,579,250,230,228,473,973,479,757,500,379,737,1,494,467,991,618,527
968,113,487,981,333,191,14,984,43,367,557,959,127,814,224,122,854,698,492,899,429,1,30,377,358,565,421,692,902
976,675,241,136,801,22,856,370,270,380,938,479,492,1,447,889,520,443,617,438,564
365,327,948
989,764,204
434,43,904,906,307,848
35,315,485,820,336,282,288,601,41,723,606,220,122,92,227,46,293,165,794,498,427,184,712,472,561,692
776,44,441,672,400,962,448,140,12
134,977,48,210,750,760,44,110,496,426,997,364,354,919,918,430,893,566,585,459,561,999
222,96,685,853,660,372,934,653,793,334,667,521,446,481,909,234,103,268,708,265
447,736,172,228,422,337,437,351
967,942,957,371,15,450,337,162,417,174,5,385,556,874,249
180,59,726,395,975
224,864,314,228,847,767,793,500,748,722,903,104,585,420,140,253,516,84
210,869,486,331,417,452,622,175,367,811,95,777,672,775,634,797,326,952,207,445,541,739,546,468,616,549,590
840,316,56,964,417,519,680,131,707,130,67,696,812,978,307,168,793,994,541,466,566,898,74,1000
610,738,582,232,704,549,75,589,757
135,860,221,816,673,951,849,961,129,821,309,37,488,184,109,377,31
669,205,967,869,950,933,305,177,769,904,884,626,268,249,896
861,677,139,200,499,980,923,794,192,360,286,30,431,184,990,549,880,605,897,256,628
93,306,34,60,76
976,139,684,644,650,14,502,168,666,541,535,367,614,893,819,604,142
152,594,823,59,992,572,845,255
987,357,758
162,736,124,557,234,517,89
830,677,392,176,25,321,273,38,712,546,456,808,100,998
97,69,304,314,326,970,157,290,39,489,844,948,790,152,436,543,4,539,904,711,81,874,86
861,987,802,647,11,888,575,976,978,95,224,301,633,652,187,953,632,274,913,162,375,893,232,894,53,525,88,589,424
540,811,58,243
491,781,54,983,209
781,112,139,964,16,984,948,365,746,627,722,127,251,978,392,304,227,935,973,795,309,379,715,871
66,694,968,750,673,682,395,944,39,667,974,994,520,104,552,605,707,423
222,473,189,484,157,794,759,769,348,540,996,359,398,459,711,63,905,602
390,240,683,829,817,931,219,633,925,857,193,467,471,367,82,609,53,625
754,823,966,91,90,855,334,491,405,41,592,593
807,841,57,110,177,961,337,821,511,720,605,84,890,395,914,306,324,343,759,168,162,879,548,70,397,733
79,969,802,19,985,846,489,455,627,577,49,752,205,798,296,970,795,272,447,377,186,894,54,420
989,807,784,215,982,643,194,845,747,482,456,706,203,328,200,652,970,497,351,348,734,716,181,354,278,30,546,590,525,589
571
764,674,213,281,17,487,33,310,26,206,921,273,21,363,340,575,514
211,765,802,864,330,728,432,175,536,624,86,772,977,597,121,954,502,836,29,974,162,429,10,447,907,257,892,619,564
843,126,784,302,225,323,315,34,450,207,28,435,258,400,519,403,553,256
391,504,205,890,785,241,671,296,337,640,835,540,464,43,459,8
689,372,177,158,335,748,622,368,621,720,421,615,590,266
763,143,829,57,507,227,90,344,866,322,522,161,995,199,386,554,421,887,402,618,708,901
10,240,316,520,329,724,945,315,561,553
687,138,598,698,671,487,868,946,709,756,460,379,174,443,268,402,63,73,516,247
941,946,798,485,157,921,836,192,667,440,612,714,681,883
250,112,941,637,509,829,786,751,966,474,229,381,664,768,719,718,388,468,611,559,809,615,74
997,439,730
313,926,665,193,153,416,535,622,702,516,437,514,203,372,343,972,679,542,907,993,299,877,894,72,732
958,688,205,226,799,219,342,313,650,972,757,888,448,266,100,85
824,860,979,128,800,381,859,679,276,623,895,603
823,852,580,318,148,685,799,384,499,650,630,465,736,183,712,82,238,998
435,745,317,91,711,952,917,449
695,45,136
113,642,281,366,530,198,726,172,722,83,80,125,812,200,46,188,793,427,297,907,990,520,900,561
669,429,682,119
144,807,509,817,92,110,111,281,314,821,171,446,451,440,809,873,402
614
784,802,383,849,436,533,172,629,220,66,69,674,201,581,496,835,791,737,523,610,907,808,70,74,449
888,112,776,643,9,758,605,361,730,975
828,319,139,124,111,17,315,634,36,372,477,409,276,279,199,701,730,617,901,602,246
917,691
513,601,782,954,651,631,191,423,795,733,741
968,671,615,86,346,498,913,983
997,185,909,179,881
223,864,963,970,495,28,282,810,258,905,605,87
211,842,766,642,489,430,703,605,517,577,830,752,954,697,306,915,271,477,30,183,714,4,257,421,420,892,525,564
117,301,507,499,662,313,973,207,286,464,151,434,544,481,396,538,708,515,602
852,201,214,952,960,271,667,119,427,621,385,573,552,550,883
384,218,157,960,156,622,244,708,958,770,693,94,671,230,633,308,326,27,495,273,738,548,893,232,896
260,684,383,927,474,963,331,361,949,794,274,321,167,757,540,107,618,897,438
959,807,686,770,986,513,418,610,32,367,556,906,567,562,550,438
56,283,21,288,745,621,626,519,103,267,412,96,508,91,188,373,478,350,355,548,52,897,900,730
773,920,390,91,858,849,373,961,14,975,168,322,491,444,379,436,150,467,430,425,742,438,255
535,57,108,774,904,487,486,159,459,972
260,133,571,110,940,364,151,287,386,245,243,708,220,695,221,97,852,307,650,207,353,356,31,396,809,876,588,237
781,806,262,987,840,570,382,866,484,171,287,199,885,579,203,66,755,127,599,635,296,630,497,180,408,32,893,525
202,143,755,688,94,967,19,685,474,932,270,935,191,450,361,833,428,546,616,590,249
813,215,852,699,304,200,136,129,767,161,736,5,481,553,706
49,752,969,88,983
262,989,332,312,961,285,311,947,38,512,452,369,721,720,86,628,813,637,581,953,972,347,2,446,447,182,905
279,109,539,254,913
686,841,890,638,55,951,644,450,346,924,653,975,167,276,417,613,573,102,870,527
805,226,179,868,312,496,292,322,835,601,3,104,420
742
78,133,785,216,110,333,644,39,153,431,80,605,818,858,759,653,292,161,735,185,876,872,238,142
250,822,804,979,223,802,110,226,124,17,970,949,983,996,417,543,546,105,268,780
78,685,317,280,361,155,531,554,881,742,659,560,122,124,476,935,716,1,10,713,879,874,235,255
220,989,48,786,787,178,34,156,641,713,907,407,264
116,135,969,805,58,802,786,280,768,286,749,754,677,204,694,302,44,47,672,227,916,970,29,899,181,523,428,713,738,5
686,774,270,632,12,500,351,513,480,120,568,744,247,238,883
804,784,494,415,750,232,608,290,249
688,215,786,661,926,558,749,723,625,103,681,265,603,391,955,930,166,347,167,357,72,402,998,88,141
969,852,45,580,788,981,427,152,729,719,888,738,455,670,625,891,1000,89,246
215,147,826,110,962,475,37,641,748,492,434,465,432,620,878,269,874,898,592,564,237
67,811,696,390,112,815,826,698,853,313,513,2,494,482,374,468,990,185,545,885
795,118,488
132,930
262,188,323,296,820,337,274,522,746,164,469,607,578,579
211,77,261,823,55,660,383,789,37,434,431,624,596,750,123,499,371,345,793,461,29,352,429,909,406,396,120,256
221,69,805,987,863,787,762,799,370,971,916,167,353,455,614,421,819,568,131,744
807,241,672,111,798,926,196,911,271,937,497,458,875,590,744,412,50
812,852,951,644,34,767,948,791,364,467,199,52,71,247,1000,141
371
411
161,225,931,797,131,414,449
920,863,966,316,19,111,487,962,926,336,846,924,118,37,192,107,104,101,706,560,300,831,146,931,950,650,26,277,529,616
784,955,865,598,787,956,227,22,158,709,929,364,440,107,611,809,83,62,8,871,576,265,424
668,1,673,598,829,383,946,643,634,516,1000
427,929,646,57,851,227,80,60,361,578
687,646,571,110,868,191,922,454,368,744,60,552,881,628,67,675,774,799,169,498,974,464,908,877,236
966,660,194,485,847,12,171,363,43,175,703,721,536,517,577,127,122,93,90,278,297,738,232,896
695,765,693,853,408,877,620,554,236,131,266,579,253,425,883
135,920,685,982,867,923,821,488,119,887,518,681,579,594,146,303,799,936,656,351,161,162,278,544,399,402,256,528
49,830,988,639,133,226,508,965,227,925,953,270,489,287,610,520,559,557,585,243,8,561,604
505,782,658,823,302,852,942,122,636,383,342,26,28,913,239,494,739,269,554,874,568
807,842,504,360,641,427,289,71,900,588,412,515,896
96,224,649,642,986,360,524,151,992,279,369,448,578,690
638,990,173,459,707
151,558,306,943,382,526
462,634,607
393,356
822,139,863,966,214,789,332,867,924,435,417,286,559,532,885,61,551,673,92,474,779,758,936,26,497,353,6,401,590,76
174,941,580,622,333,741
762,801,39,336,768,747,363,627,680,887,267,770,169,837,326,207,168,479,2,543,714,259,588,902
979,114,95,675,777,651,17,294,33,645,936,759,937,165,337,790,446,542,727,993,471,469,553
860,683,298,62
895
959,153,149,611,295,921
339,766,965,487,662,917,844,278,456,367,490,619
841,683,723,323,306,35,705,551
842,840,326,382,926,292,347,984,278,432,186,893,744
252,238,742
339,636,951,306,963,345,948,530,542,718,298,172,612,481,613,88
220,223,58,92,931,296,450,272,21,735,20,429,995,431,705,238,592,264
133,94,93,800,395,453,163,43,376,620,245,268
824,117,829,788,642,159,196,118,435,728,608,268,413,222,676,775,323,229,858,995,377,714,9,615,254,871
812,864,36,767,470,109,558,608,670,266,424,50
669,941,314,195,960,768,335,288,171,452,482,175,558,244,66,580,651,631,630,502,320,937,271,51,906,1000,999
824,116,669,805,865,788,964,383,960,601,42,368,173,704,243,555,579,629,979,127,657,395,46,799,23,371,875,566,691
989,300,204,995,864,139,534,371,25,645,206
825,805,785,16,960,924,360,20,368,419,720,603,146,753,673,751,201,839,857,632,498,348,791,610,520,711,449,588,255
669,804,683,826,944,361,846,844,724,430,704,708,815,90,169,933,935,632,26,498,357,407,990,614,893,529,53,567,141
760,645,846,418,534,199,605,267,772,503,890,751,227,342,650,859,679,716,239,377,32,186,74,255
349,657,77,753,685,314,634,936,347,273,810,724,472,420,242,563,100,88
687,816,24,858,156,271,161,889,467,421,80,604,576
860,941,699,281,663,640,379,531,521,357,991,376,421,681,590,576,437,256,551,896
958,261,252,771,138,213,158,986,346,348,737,416,899,198,466,376,106,268,413,999
813,405,57,213,672,964,789,71,413,488
824,669,127,260,837,197,758,655,271,836,282,427,388,173,245,874,871,707,89,514,999
786,333,486,928,178,284,174,621,64,575,721,268,751,395,838,858,952,974,161,444,719,465,30,546,714,878,670,402,549
384,894,177,344,267
860,784,57,803,241,14,170,435,884,249,705,678,596,393,230,26,501,28,163,186,397,894,691,425,690
696,676,19,124,370,219,343,362,653,512,404,609,904,420,881,253,1000
222,128,138,122,329,838,293,485,477,152,600,174,368,107,51,568
899,286,45,5,788,188,663,259,705,593,514
764,782,669,689,338,240,214,137,649,844,20,388,623,741,126,392,348,276,357,908,907,299,4,590,253,528,901
823,223,802,777,137,312,866,912,792,738,612,906,141
824,352,752,390,523,725,241,304,401,311,742
711,859,563
772,426,354,718,357,176,779,767,61,974
832,980,871,489
580,122,570,798,643,331,283,291,408,150,569,726,387,918,400,720,53,819,617,550,424
170,524,318,357,869,333,206,292,912,947
830,144,979,816,826,581,867,218,14,171,286,995,466,919,406,893,553,76
773,677,58,788,111,306,868,778,821,653,162,433,287,447,541,466,173,107,613,886,8,518,732
493,449
349,339,77,853,641,322,170,432,51,64,704,60,895,264,577
212,96,890,827,341,961,13,984,322,791,42,5,41,590,628,89,706
506,503,507,609,169,344,29
745,32,137,274
597,940,15
544,443
261,786,57,685,684,217,330,193,118,728,659,675,831,699,598,915,24,296,501,271,350,292,913,460,736,718,7,612,468
686,920,96,954,315,24,665,569,376,385,83,625,269
436,955,358,243
204,149,195,106,233,756,321,247
861,988,823,55,487,333,159,192,198,43,559,680,555,743,92,971,500,273,991,894,54,617,998,527
807,657,210,393,854,648,226,124,169,326,835,351,511,465,441,358,893,574,242,998
639,149,303,342,928,952,663,768,972,667,463,287,623,43,455,520,419,269,259,692,604,528,142
212,802
210,133,942,945,928,194,190,821,483,480,572,702,102,87,602,393,934,343,345,165,168,5,583,891,234
978,750,214,478,1,511,468,556,52,681,586,593,883,551
523,259
860,113,685,110,176,191,949,157,380,118,667,365,745,86,248,959,391,932,837,372,182,30,374,443,619
920,647,648,383,177,39,366,747,368,40,536,880,579,628,220,48,227,856,307,208,379,996,404,520,613,235
755,782,727,7,569,306,179,838,963,944,29
822,317,15,331,284,155,667,727,626,63,780,84,437,505,225,200,698,581,229,933,952,857,757,2,447,357,375,990,715,547
594,306,473,312,797,924,192,3,541,510,375,455,106,808,87
110,281,315,485,961,286,106,537,243,536,603,754,300,94,599,121,123,305,276,542,279,356,340,471,714,403,873,75
444,716,378,127,535,598,281,971,796
127,964,179,662,779,34,847,426,356,257,625,517,235,881,528
570,940,965,176,313,454,150,623,483,534,701,414,131,202,97,504,499,343,857,129,321,497,167,181,719,995,992,470
331,334,119,745,368,243,680,880,130,66,752,979,914,370,25,656,292,460,997,428,297,520,425,896
277,672,698,324,34,605,26,577,85
860,216,136,280,12,369,620,723,107,87,95,395,957,775,858,274,498,292,356,470,548,566,8,422
852,682,698,854,869,383,499,778,344,666,929,429,182,107,545,120,537,579,264,593,602,89
20,210,864,31,367,33,980,921
98,117,560,850,688,205,637,761,18,371,361,444,151,7,356,622,359,621,377,410,71,615,898
45
814,224,925,166,276,153,107,367,627,897,101,422
842,117,755,639,832,69,865,55,195,795,601,174,993,458,533,406,714,8
181,456,867,644,27,562
113,213,486,663,726,432,483,533,532,885,128,955,507,206,320,498,347,653,716,428,908,470,442,909,529,898,527
852,826,508,927,474,187,476,769,155,347,152,6,715,185,721,53,617
117,212,814,227,178,912,29,540,492,357,539,437
677,203,240,674,19,314,964,486,218,835,322,375,470,712,407,611,367,82,626,231,8,551
982
781,134,250,115,241,370,917,779,336,656,154,378,20,181,889,376,918,459,549,905,422,589,563
689,766,216,16,196,311,947,38,745,559,573,242,505,979,596,598,507,228,932,914,935,346,913,463,442,583,525,870,141
831
969,987,826,18,640,623,724,533,624,887,959,581,915,855,477,937,27,491,182,544,298,566,120,900,588,88
824,966,856,13,310,191,924,844,415,440,175,32,385,401,873,585,437,733,89
806,755,185,894,421,13,847,266,495,883,901
781,241,216,35,156,985,155,283,366,600,43,175,481,620,367,887,48,327,852,225,581,836,757,500,540,492,610
860,695,979,987,45,582,56,111,188,187,925,655,495,845,922,460,409,182,990,265,238,619
512,117,494,482,648,539,82,837,961,590
676,260,494,941,403,177,196,617,422,119,273
852,137,188,661,943,778,196,284,665,983,435,198,440,6,407,584,269,131,76
920,128,957,333,946,156,461,167,436,994,431,405,470,414,73,550,100,265,706
115,637,215,955,187,371,435,417,416,738,740,519,606,54,897
134,114,828,35,179,382,313,728,433,83,573,552,125,694,96,851,473,309,734,10,355,358,894,619,76,999
678,58,215,803,957,869,281,855,779,839,290,209,167,435,199,298,559,63,449
174,809,710
275,745,151,508,234,308,191
842,127,750,94,647,316,169,847,290,191,418,513,747,447,186,367,991,397,71,439,579
68,924,76
349,378,355,318,471,714,385,396,903,311,75
117,251,683,638,863,332,633,35,190,334,729,151,615,536,518,733,265,589
226,789,590,872,617,362,641
807,785,332,15,925,923,190,924,284,155,511,151,174,387,832,856,306,499,950,496,290,27,500,160,567,398,527,50
277,6,173,137,633,189,478,271,292,844
745,175,918,157
860,338,57,195,661,39,154,728,702,220,125,506,250,251,145,148,582,581,272,716,445,442,140,871,528,690,593
211,314,661,176,334,418,601,457,559,537,595,597,850,204,390,224,47,834,610,907,715,565,586,591,619
775,909,878,603
677,852,367
123,383,874,664,692,165
98,755,506,783,803,829,816,304,774,213,123,188,305,953,39,759,353,170,746,456,565,564
279,227,228,624,780
850,132,261,693,128,393,582,698,671,218,334,273,717,453,186,269,423,629,870,424
133,110,964,333,191,960,43,482,575,516,603,100,851,301,838,630,461,347,180,994,992,470,443,398,8,254
3,289,78,509,328,855,537,578,810
69,428
806,841,78,115,139,673,200,642,179,868,950,485,26,938,365,359,574,886,71,130
595,737,5,956,229,564
806,128,146,56,136,910,601,440,174,623,340,469,257,743,617,413
689,822,945,12,531,513,365,242,881,780,69,391,676,146,44,751,638,854,651,181,544,547,71,588
812,251,222,213,342,296,25,821,366,21,2,42,724,385,547,568,615
825,181,796,939
977,338,251,121,301,672,169,229,975,654,885,710,872
595,842,969,303,474,178,981,475,373,484,337,435,454,719,447,457,622,442,909,1000,514
755,689,22,486,373,38,30,569,610,908,64,232,398,624,691,578,411
639,981,950,664,960,206,653,283,409,716,713,374,877,5,904,809,583,721,397,53,561,629
21,454,694,987,41,627,970,336
339,404,800,195,448
686,987,315,847,37,21,364,482,888,533,620,106,264,773,957,229,709,756,167,30,993,712,406,51,398,872
826,869,17,961,484,848,284,155,170,109,83,60,250,638,930,697,230,934,839,759,502,346,209,996,2,546,120,561,733
843,133,215,927,332,486,312,948,38,170,287,363,575,882,753,148,307,272,168,460,352,719,584,54,690,255
678,841,955,44,635,196,665,495,845,444,447,43,907,458,990,545,106,410,608,557,538,518,743
969,218,13,156,846,921,515,742,659,813,128,776,599,92,227,838,295,307,794,975,350,974,717,719,442,160,186,909,88,527
98,861,503,750,57,110,866,655,350,445,278,4,714,730,247,577
601,239,599,387,966,401,18,293,326,833,119
210,115,19,33,983,622,575,81,552,743,882,504,750,950,970,475,610,299,186,991,584,874,255,564
59,648,671,317,35,778,663,650,985,29,718,356,432,359,740,269,881,516,142,84
843,263,111,801,986,37,609,268,143,68,146,852,637,44,817,169,716,734,997,524,586,140,590,870
134,318,786,966,16,450,820,283,922,192,175,173,606,100,264,602,504,852,970,207,428,183,375,809,873,53,423,449,425
824,658,750,58,44,803,957,697,946,643,709,478,445,446,354,623,458,621,723,52,876,421,618
807,132,784,664,985,14,366,452,627,680,629,830,145,504,225,346,461,522,899,718,184,472,4,891,253,870
117,683,486,315,963,311,985,283,155,703,608,602,741,754,677,126,301,631,25,274,494,354,470,356,670,253
304,487,819
565,702,497
134,782,135,788,35,928,641,512,727,724,723,552,84,127,503,658,635,394,90,778,476,307,291,351,444,441,545,525,255
125,161,94,30,323,187,892,422,938,527,628
717,3,224,919,56,826,837,549,267,248,577
832,545,64,702,561,247,246
825,988,946,330,450,334,119,559,64,83,537,131,266,832,341,228,971,910,309,464,739,340,715,691,425
505,687,814,805,815,468,837,616,650
765,504,58,122,333,343,176,834,337,460,462,879,700,538,710,266,705,100
689,596,599,509,776,862,194,342,305,187,917,331,667,792,451,723,402,60,564,85
205,475,309,679,161,996,445,447,356,609,397,420,568,99,550
134,804,146,112,216,230,651,473,916,973,495,360,993,894,130
687,349,782,920,832,637,786,682,19,775,324,634,25,191,364,700,377,469,420,900,561,87
366,599,230
766,658,818,104,952,190,247,780
152,694,73,578,882
365,445,465,31,575,34
491,445,392,321
464,597,888,9,12
941,7,672,384,572,236
860,689,145,823,306,631,218,847,984,488,408,737,907,875,258,903,62,743,130,733,619
263,327,45,851,139,24,917,501,39,984,757,445,899,429,428,375,6,359,723,625,616,553
996,117,159,13
595,204,390,646,685,373,923,501,767,910,118,347,119,445,289,433,611,626,720,537,439,84,741
958,393,149,228,953,847,910,1,623,466,884,538,585,63
754,695,128,940,230,201,946,496,462,544,919,258,893,105,101,88
942,137,661,666,288,511,538,552,414,100,705,694,751,508,308,25,810,734,492,378,355,357,51,402,586,75,733,255
777,904,403,274,551
202,143,804,850,260,261,823,240,317,951,312,650,847,502,489,497,667,418,405,30,627,80,619
98,210,682,660,927,293,650,961,39,283,409,21,171,31,707,525,999
752,571,865,57,801,394,931,371,218,501,288,71,517,86,896
327,992,713,470,620,331,515,528
491,365,612,672,575,331,795,496,768,437
764,988,802,139,316,946,866,154,513,458,105,578,221,48,596,673,293,295,166,757,209,9,402,561,617,256,1000,733,50
668,79,59,139,642,281,556,245,707,811,390,94,637,149,931,474,22,950,971,496,737,163,546,877,160,878,906,731
67,221,646,942,109,259,166,439,477,999
261,58,941,240,761,305,849,778,373,347,154,352,10,468,385,586,267,526,605,562
210,77,486,18,16,361,191,921,282,511,510,457,60,437,247,955,201,24,910,206,346,29,997,183,470,738,422,895,901
116,48,782,205,240,982,651,341,642,25,496,655,746,185,919,918,904,65,103,605,528,438
689,59,215,571,240,570,194,330,189,944,284,347,463,171,277,297,175,471,692,562
210,213,214,179,15,331,20,105,819,514,959,695,637,302,93,699,582,839,168,835,810,717,409,715,875,566,72
763,764,988,987,179,661,333,925,37,948,20,416,746,107,749,96,91,934,778,344,427,183,875,52,876,73,870
453,144,570,57,368
134,132,657,850,851,838,293,810,163,442,232,625,537,550,870
462,379,446,59,304,691,562,794,362,732
49,850,146,645,158
149,395,91,195,362,845,912,997,356,627,557,237,883
211,263,803,827,119,667,418,366,416,452,745,724,621,246,143,68,776,230,371,476,779,408,877,399,254
638,672,508,55,943,917,664,360,929,298,875,882,514
276,718,774,801,965
842,764,416,226,749,548,662,632,550,527,757
766,318,110,643,158,664,922,152,269,572,84,551,514,126,393,294,320,355,278,612,714,878,526,88
116,126,122,570,699,113,762,927,219,487,926,475,975,322,679,354,164,5,559,708,248
150,918,671,887,949,73,292,168,679,667,922
445,931
211,753,138,815,816,851,635,856,341,849,34,196,650,911,445,153,542,299,32,107,891
212,805,51,473,905,562,690
512
782,596,776,967,91,475,478,26,462,435,877,740,703,626,615,73,898
262,803,982,846,489,21,724,41,430,609,624,604,830,96,121,637,293,953,973,793,167,994,612,340,875,587
171,251
807,841,35,381,151,175,41,367,557,268,86,882,250,699,90,951,478,758,165,498,354,543,567,402
646,700,317,971,439,692,266,346,489,690
241,617
646,332,983,453,558,620,740,245,702,628,959,979,658,224,122,930,370,293,342,935,309,461,500,352,297,30,358,670,52,730
468,928,867,857,655,821,938
182,139,377,721,270
783
261,712,31,280,25,54,253,460
571,139,965,486,361,985,155,913,994,406,722,105,606,54,235
21,933,36,54,166,273,654
203,226,698,201,838,371,177,189,196,13,28,335,792,716,388,483,41,456,82,401,584
492,112,638,113,896,527
375,374,200,789,876,626,196,935
250,990,108,886,975
57,671,323,342,662,25,973,921,274,500,513,464,30,388,543,184,878,614,711,448,413,255
787,847,747,364,457,199,556,103,84,695,770,205,814,890,149,47,857,936,972,791,523,490,878,231,691,731,141
339,942,197,331,154,152,171,530,458,553,98,676,94,270,858,857,654,209,10,713,546,715,340,904,237
355,369,902,460
115,726,852,216,57,41,317,70,962,901
79,504,90,342,18,631,662,350,192,276,493,535,440,174,739,490,532,548,586,8,605,73,619
427,541,864,957,507,862,91,9,847,901
275,512,995,198,613,721,645,518,337
860,223,390,753,955,848,206,152,929,899,726,443,401,449,425,438
112,864,56,314,179,450,667,452,918,555,605,550,391,676,93,372,632,271,495,833,836,274,810,908,377,340,991,253,237
96,111,312,296,362,495,379,180,153,389,174,30,32,232,70,691,604,733,265
212,132,183,907,916,283,732
262,785,55,366,435,454,245,624,605,265,705,814,509,955,507,636,651,496,478,291,444,3,464,541,809,257,903,53,618,424
763,318,328,856,189,13,494,610,175,359,558,545
68,784,863,214,499,855,496,165,276,387,369,583,401,670,80,517,553,238,628
250,675,753,685,111,849,206,477,739,457,298,738,456,421,585,561,248,780
674,122,803,760,491,161,405,174,109,41,340,749,472,878,253,413
79,260,113,800,848,664,748,388,64,105,607,63,95,128,674,290,350,497,162,712,546,9,905,236,425,999
969,864,862,137,17,313,382,489,748,531,242,887,81,412,772,222,93,507,189,709,309,522,161,442,160,711,54,422,870
125,133,805,785,672,663,952,353,729,153,521,510,456,245,575,681,707
677,675,215,110,124,869,928,293,16,34,21,494,990,51,52,680,528,100,425,76
997,657,31,539,538,15,398,326
687,786,156,193,170,601,888,700,455,430,245,242,880,437,576,551,830,595,127,675,499,473,24,795,164,441,715,407,490,141
987,930,394,642,293,662,922,29,161,409,716,541,470,481,885,625
678,842,300,637,319,241,214,169,15,849,484,309,207,288,494,520,173,52,680,103,525,563,619
755,822,890,52,519,484,346,640
263,339,570,684,649,484,949,154,451,198,622,557,886,268,126,675,776,673,774,631,502,460,569,299,31,396,617
219,946,177,949,960,984,153,535,627,65,61,604,220,695,300,580,44,933,797,295,345,973,460,352,181,464,465,422
804,77,194,18,925,16,768,846,416,888,199,367,705,66,392,818,326,834,379,716,463,715,585,54
687,763,683,484,866,748,365,42,41,82,63,707,413,48,677,121,635,938,492,426,541,992,374,905,872
988,35,487,417,363,609,704,80,265,48,694,204,95,225,931,303,859,630,653,494,30,991,872,88
203,95,826,23,305,381,373,792,717,288,451,899,428,535,30,889,186,556,584,259,553,449
387,188,943,325,709
581,160,548,808,797,871,86,882,283
346
116,804,241,826,55,487,219,964,194,151,199,722,885,607,774,634,307,206,656,502,908,543,401,808
66,686,738,651,197,236,61
929,920,571,175,612,801,956,257,178,342,381
409,556,474,62,343,913
783,216,642,38,416,724,459,607,578,553,742,780,772,508,476,709,208,974,464,359,443,186,258,529,231,236,590
841,124,16,655,846,833,640,492,542,899,428,738,991,400,731,73,235,515,780,999,551
987,966,18,986,14,488,21,20,620,749,518,439,550,628,305,950,290,348,161,426,569,405,374,186,906,403,585
686,251,705
825,596,92,370,651,306,178,189,158,847,794,479,462,417,354,405,432,82,120,537,617,553,515
843,988,826,660,984,722,202,96,205,978,815,774,342,189,166,345,292,974,273,379,717,879,616,235,449,895
830,861,822,840,982,789,477,11,29,996,992,877,520,173,539,618,705,412,527
812,59,978,68,674,318,570,329,383,229,373,129,190,656,793,193,994,279,481,236
780
361,656,898,576
260,112,648,945,383,285,191,39,154,626,780,412,550,831,853,858,952,833,497,757,408,440,904,231,587,235,88,425,593
211,301,201,952,663,654,716,747,436,746,739,407,377,918,575,880,577
98,510,570,329,384,71,986,362,844
143,824,813,804,133,761,306,660,662,28,12,462,174,74
136,195,927,197,644,484,949,600,519,603,328,931,651,910,794,168,793,654,492,279,893,547,566,876,234,140,525,253,422,901
316,856,228,798,25,283,446,451,467,555,414,517,550,741,628
830,571,570,301,760,854,137,633,324,342,178,839,767,833,912,418,888,298,731,741,76
117,56,481,545,565,25,345,284,733
668,114,138,787,826,982,924,21,435,745,724,918,438,67,675,395,478,501,477,756,208,276,521,712,991,711,617,89
204,766,674,673,281,295,310,835,747,719,298,231,61,84
212,804,646,215,280,39,362,311,417,389,558,532,130,576,551,144,599,817,672,461,348,522,160,904,692,591,142
754,135,719,852,19,971,345,579,238
772,717,221,737,979,822,815,884,627,554,140
467,306,293,254,140,619
289,215,109,314,704,234,81,874,233,414,821
824,137,945,380,488,288,82,884,607,49,830,597,509,473,169,326,209,162,277,182,184,407,909,898,733
695,127,78,503,865,638,818,928,631,343,663,845,161,510,714,708
415,721,495,939
825,988,113,640,152,150,432,743,576,250,639,300,128,750,124,932,293,296,653,182,186,545,905,586,254
116,828,864,963,961,196,729,171,430,65,721,704,603,220,755,674,44,343,654,427,899,7,279,404,714,232,873,616
211,946,381,191,13,152,747,455,880,753,890,777,797,320,29,3,427,353,929,352,464,737,182,406,358,448,563
211,210,466,800,105,293,720,310
805,987,341,195,306,330,312,154,654,408,524,287,457,908,738,470,575,52,549,517,86,413
202,657,123,930,228,633,946,935,166,768,522,746,286,356,430,627,904,459,60,76,264
117,746,115,637,56,549,923,820,938,274,628
49,221,657,133,802,507,342,963,833,790,152,10,406,539,518
97,149,877,950,607,218
363,7,683,139,368,370,473,270,348,192
221,112,302,582,230,91,963,778,176,326,923,846,844,360,180,286,198,990,65,120,449,883
339,328,395,800,19,837,839,26,365,163,612,722,529,397,891,103,702,73,564,411
117,260,770,535,482,370,980
851,468,778,325,518,247,154
445,133,7,723,421,177
739,470,720
784,785,55,111,928,946,280,218,173,245,82,819,744,595,676,639,674,327,230,933,343,937,938,29,447,440,442,399,692,142
220,987,216,113,201,342,39,209,922,353,445,199,184,386,607,680,266,999
600,445,77,890,802,470,19,991,836,577
263,68,6,685,189,897
696,689,145,223,504,941,829,332,22,158,337,523,354,415,558,40,422
163,978,227,616,398,606,795,292
580,19,17,951,229,645,972,793,453,435,726,621,609,900,883
113,213,800,762,314,768,119,154,366,65,886,743,674,123,230,275,181,541,613,547,72,259,691,999
934
113,818,17,945,159,307,321,431,712,993,533,991,703,104,517
49,647,611,443,856,370,486,607,934,268,551
115,112,19,862,949,641,150,888,726,720,537,266,437,602,145,504,675,45,954,779,26,975,654,3,470,613,88
977,69,216,283,938,913,540,445,408,163,441,9,874,691,515,438
210,419,649,878,921
687,138,801,137,960,985,844,366,513,388,385,884,574,572,890,674,92,855,295,936,166,161,444,10,465,615
66,598,148,35,366,416,466,482,908,4,904,80,421
977,886,292,488,577
494,831,798,307,924,101,895,550
171,144,737,163,956,472,169,176,75
696,772,116,753,33,15,935,206,666,531,735,530,355,151,523,992,543,470,396,886,578,414,248
823,455,869,578,102,998
805,787,685,179,916,217,631,952,344,936,156,498,461,445,482,893,63
976,132,814,693,240,815,219,951,326,512,530,493,447,745,407,681,871,604,266
69,658,865,914,105,873,243,284,477
649,283,154,621,173,704,886,60,222,224,635,817,915,634,496,656,347,379,427,446,466,340,991,422,562
826,312,867,16,845,745,368,559,749,554,708,883,67,97,639,850,699,796,917,910,477,29,167,492,894,691,526,898
440,441,518,895
683
824,194,943,337,418,173,131,628,126,560,639,598,47,775,501,913,479,492,408,429,298,359,4,585,420,998
695,210,107,946
59
772,958,683,802,301,967,329,323,306,169,650,656,984,152,435,180,530,286,458,561,525,247,551
830,223,753,327,785,674,930,383,868,970,176,663,271,12,239,791,482,739,258,626,555,536,604
36,662,943,39,37,948,12,38,170,622,107,266,598,304,934,797,270,478,496,28,939,492,521,465,879,406,547,253,88,901
522,324,553
780
989,865,241,829,762,921,388,534,743,61,515,411,514,597,146,329,817,837,793,908,712,186,257,731,448,870
379,239,621,32,956,720,952
599,19,774,294,476,287,713,298,299,32,106,243,616,549,100,1000,706
113,487,333,963,33,948,455,87,658,753,637,149,326,166,973,630,348,464,357,993,991,567,423,592
920,783,804,774,867,911,656,273,360,275,541,481,104,883
98,211,764,132,955,188,914,308,656,846,756,899,544,30,243,897,256
21,431,45,377,284
107
825,260,94,634,34,11,29,335,275,152,530,404,401,103,892,54,130,142,437
251,224,582,214,332,17,315,858,197,645,820,973,491,151,520,809,808,459,579,562,576,550,264
363,507,927,518,902,265,76,246
262,965,219,218,866,118,417,171,724,419,537,80,66,976,774,228,759,972,756,542,469,893,72,402,54,731,733,527
765,77,829,661,155,150,728,108,723,86,881,514,222,753,596,777,774,973,320,460,408,428,613,873
59,318,941,195,981,33,361,665,769,12,513,171,725,534,82,626,720,743,265,773,390,799,779,792,276,492,493,185,31
224,281,486,849,644,39,361,665,937,168,939,922,462,427,404,108,714,808,233,553,603
687,806,544,680
288,989,753,995,855,15,345,414,50,322
117,783,683,966,56,35,849,197,948,243,97,503,596,68,954,328,149,779,709,502,491,997,446,907
781,433,504,390,415,991,51,80,166
781,967,817,179,294,661,313,736,404,258,83,731,730,75,237
203,144,752,978,745,715,419,900
785,327,673,44,194,981,308,330,343,39,821,334,792,735,365,729,452,878,376,991,903
302,828,92,932,798,656,502,793,679,171,150,736,299,31,547,585,549,555,562,525,265,741
958,669,69,580,241,201,581,642,280,916,382,656,522,171,749,385,539,574,614,808,50
824,69,693,213,507,931,373,206,191,154,908,609,400,52,519,414
811,505,560,147,954,940,827,46,371,384,158,767,180,352,30,374,519,590,60
78,787,762,607,549,587,309,75,425,192
763,511,995,638,91,862,548,381,975,592,500
262,822,688,301,672,55,642,383,474,869,33,460,497,997,454,151,397,891,691,527
830,391,390,868,295,16,847,152,929,150,181,909,670,398,871,553,881
798,758,794,729,746,541,434,164,172,893,567,573,86,267,742
978,955,122,123,307,667,322,479,747,727,611,714,887,414,101,743,247,100
843,435,716,44,6,471,827,556,665,733,793
699,635,685,270,296,88,835,237
773,327,599,829,319,672,214,137,330,962,382,655,653,282,435,746,726,234,423,253,265
202,161,556,870
111,867,656,911,118,498,193,734,164,469,740,547,70,9,268,549,536,423,579,85
806,785,862,315,644,767,38,199,419,606,437,813,771,92,633,837,270,307,522,463,7,359,231,257
941,928,512,431,888,575,99,413,603,696,144,890,228,187,371,634,296,307,344,656,757,542,397,891,905
864,22,35,661,925,295,496,913,488,522,728,610,879,888,340,258,894,616,572,414,590
116,860,804,803,218,191,948,418,433,510,367,609,704,578,248,266,127,45,302,93,328,90,207,542,908,233,449
594,825,950,999
174,370,798,18,485,13,266,972,550,119,564
211,802,928,336,154,286,198,740,608,603,595,69,815,122,149,636,631,717,180,239,464,440,356,407,520,893,232,892,562,564
428,739,432,546,383,821,412,350,424
135,327,648,981,326,960,923,165,14,337,974,757,492,162,175,455,367,918,258,576
125,824,805,596,569,893,583,567,102,589
920,967,980,961,848,285,821,415,151,432,534,628,67,392,638,329,636,187,935,290,911,350,276,402,140,998
642,789,314,280,820,360,12,152,574,608,104,605,659,678,390,852,854,651,477,836,995,616,874,896
969,55,383,334,458,622,386,918,626,105,702,268,413,246,49,958,392,817,188,839,167,378,719,718,612,904
823,816,851,787,651,194,778,373,196,309,769,208,171,451,510,458,738,470,410,537,585,568
58,776,328,940,858,206,924,985,334,844,152,511,700,559,401,554,234,102,142
349,220,822,658,978,45,643,498,719,386,80,269,234,85
696,929,10,121,889,534,197,140,256,882,141
49,503,147,638,124,931,661,797,961,284,921,239,929,908,471,909,439,424,264
683,648,332,34,11,600,625,62,881,673,148,930,91,630,836,975,719,404,299,611,358,565,873,897,238
696,695,987,674,816,123,169,512,451,356,919,430,397,60,705
416,868,589,883
668,391,300,339,301,648,930,201,964,371,630,974,712,612,106
668,144,599,864,19,149,508,303,644,938,434,713,558,456,421
215
861,967,159,867,925,986,11,363,175,538,105,536,578,814,658,750,775,294,914,306,839,939,929,543,470,70,53,561,619
776,942,41,799,885,397,344,11,488
262,67,934,962,271,363,369,520,809,895,84,424
860,133,148,328,634,129,191,502,768,836,641,247,264
113,962,867,191,844,119,531,457,432,558,80,702,102,143,674,323,272,716,994,995,610,877,471,398,587,423
657,637,854,47,91,137,945,651,499,129,362,794,911,460,366,929,734,356,358,588
66,958,771,863,611,317,314,891,72,271
659,66,338,957,649,651,653,292,790,170,171,278,712,368,893,82
580,967,946,312,857,307,833,168,4,120,268,892,267,553,895,896,237,141
843,773,69,957,643,24,165,757,161,297,467,670,702,425,411
116,842,993,854,799,52,187,561,552,605
806,969,962,867,453,723,559,720,606,248,506,560,146,94,638,915,477,502,168,713,6,377,878,547,423,74,75
832,683,760,967,213,581,219,194,293,917,758,361,600,558,904,54,72,743,525,256
806,661,197,944,640,154,601,364,65,708,881,306,799,933,296,189,496,524,715,611,396,257,906,562,238
864,213,964,667,433,287,534,368,704,680,625,249,602,799,858,758,478,165,975,322,353,736,879,585,568,422,237
58,673,216,751,113,110,946,325,845,460,844,522,446,718,510,483,340,884,71
261,647,982,868,867,821,43,42,483,740,680,551,816,392,343,326,795,496,756,208,996,355,464,441,906
830,832,805,261,786,777,110,214,697,917,996,737,566,573,86,553,76
693,112,851,862,671,219,789,330,381,986,949,292,939,275,354,466,702,102,423,525,238,564
134,989,56,55,684,923,361,37,360,480,532,419,620,609,707,695,979,816,508,779,346,479,734,276,610,993,730
805,115,865,213,316,217,847,984,387,608,659,66,48,146,596,395,370,343,910,209,426,375,992,53,592
211,469,81,412,479
116,804,146,753,240,570,647,914,217,664,26,347,321,497,792,717,356,715,704,555,103,253,628
772,753,646,93,341,315,191,272,665,28,119,641,734,80,577
686,560,524,737,693,407,430,280,567,602,479
356,809,381,960
657,840,863,940,342,325,867,336,630,275,355,151,457,42,298,41,620,552,628
127,813,693,226,23,229,15,380,207,938,192,431,9
597,694,77,967,305,384,650,810,276,163,279,174,471,64,906,80,536,102,86,692,706,411
134,977,782,227,228,296,664,155,975,938,288,170,446,494,993,404,175,233,254,422,75,1000,870
850,223,123,787,698,383,650,835,170,379,408,466,573
695,860,783,205,826,818,281,397,439,708,142
850,146,831,785,137,207,792,454,163,30,471,625,80,518,131,265
67,133,931,838,178,324,925,190,311,912,209,601,3,747,7,739,470,404,377,670
659,802,111,684,474,15,345,460,2,542,287,182,354,712,558,87,708,256,84
997,260,908,298,875,925,759,924,901
116,143,202,806,504,771,750,110,818,293,779,272,810,511,416,363,109,714,358,538
263,686,782,927,926,14,983,531,511,63,639,814,753,93,857,793,938,939,540,163,182,544,232,585,874
287,363,467,370,575,194,819,795,497,527
58,570,967,827,281,383,661,381,926,282,531,175,328,301,122,306,206,290,273,460,279,73,423,591
143,686,261,509,828,868,476,663,435,541,164,388,175,298,186,809,526,590,87
301,136,809,70,8
668,79,642,195,486,943,485,767,286,483,609,64,518,606,220,675,149,582,795,274,209,2,279,583,420,586,449,733
211,669,764,987,648,964,643,282,436,416,388,889,245,626,554,573,551,514,300,390,750,209,276,565,120,615,255
807,250,133,59,693,77,762,370,642,158,984,835,288,436,441,467,612,367,532,611,525,449,692
262,807,676,694,967,294,35,157,921,155,273,737,610,993,172,545,236,517,130,870,411
223,210,569,725,893,64
275,21,43,829,655,603
210,945,281,662,481,722,61,677,46,90,856,651,779,326,206,272,792,29,996,427,354,183,467,442,359,401,906,874,588,593
260,468,333,460
97,594,96,815,121,582,632,346,379,163,726,185,707,439
349,964,194,910
985,247,835
668,842,215,216,761,179,660,625,414,266,577,49,506,812,93,301,672,697,973,320,460,353,378,354,904,70,448,422
211,126,127,260,213,92,228,371,475,768,498,21,990,627,82,83,518,588,256,412,619
734,823,879,674,185,316,818,228,474,586
134,800,661,178,943,482,480,749,63,87,811,146,94,230,856,166,274,167,612,565,400,234,567,399,900,872
823,967,392,774,854,801,23,779,839,380,513,5,611,714,518,707,692,591,515,84
126,97,804,90,332,383,757,38,418,454,511,428,725,377,714,53
127,138,329,486,903,906,259,267
144,764,212,391,969,295,166,292,192,3,404,878,52,247,733,76
262,823,967,280,15,961,331,665,985,984,435,366,364,434,483,437,741,631,326,791,352,738,299,232,590
134,221,638,473,24,290,821,679,152,734,416,494,43,552,249,870
764,594,658,390,930,818,326,336,846,208,171,447,30,279,535,534,877,368,233,579,237
135,138,329,293,971,380,282,409,601,417,492,355,354,465,164,467,442,82,552,99,102,422,516
824,804,319,304,91,962,296,217,28,835,735,267
181,428,388,200,801,703,71,880
714
127,222,90,980,292,379,716,541,405,740,808,585,234,411
807,815,388,750,17,769,497
958,115,252,967,119,540,164,992,480,420,140,253,235,591,705,741,551,255
861,153,164,658,784,177,38
389,147,900,780,641
988,384,330,962,450,985,640,335,948,154,153,175,515,657,815,955,838,305,165,239,297,407,449,424,901
764,783,955,582,862,951,927,650,641,29,408,997,511,387,546,4,419,74,88,75
292
144,988,138,828,58,317,838,371,499,937,347,494,992,183,455,258,63,552,578,692,588
596,697,671,869,280,961,986,152,426,2,879,109,173,258,70,403,449
143,163,622,93,472,644,866,157
689,59,57,942,319,867,170,884,269,553,628,220,393,395,474,798,183,569,714,406,903,616,8,76,141
349,770,133,223,856,324,925,307,417,888,109,268,707
802,947,601,109,42,480,724,572,537,681,86,439,696,951,229,23,207,495,28,2,428,447,4,231,615,256,1000
126,203,508,179,324,943,839,500,435,746,544,108,443,410,721,141
772,506,115,252,121,44,682,854,648,195,633,934,972,37,334,947,171,162,541,888,534,377,706
812,203,860,303,965,317,332,341,17,194,293,330,29,521,465,534,407,532,430,60
713,961,911,902
989,969,57,17,980,331,716,277,385,4,70,80,562,604
116,677,212,506,251,979,133,751,760,124,24,796,924,14,193,983,1,181,745,876,259,605,629
861,687,127,675,766,599,138,955,853,940,317,643,796,461,735,444,409,995,109,4,367,245,54
822,761,118,640,453,388,724,680,573,86,67,976,301,395,950,129,162,428,298,356,160,878,231,585,568,617
212,842,955,45,915,631,663,944,307,207,665,119,322,728,434,182,736,401,106,616,880,236,525
262,976,676,673,314,634,868,849,39,337,769,542,523,483,40,51,64,448,425
138,19,940,914,341,837,858,475,285,427,463,611,871
97,428,683,993,110,671,487,663,72,938
98,807,126,822,826,965,383,178,285,129,155,756,479,453,427,408,492,494,725,430,456,744,564
774,395,394,652,373,665,984,155,791,447,174,470,32,878,410,257,584,120,414,730,591,412,411
623,554,953
91,381,9,295,591
239,182,918,54,475,961
861,202,66,676,777,382,307,820,768,321,273,500,418,729,889,546,64,62,892,8,744
1
