78,56,90,70,9
67,66,58,47,55,26,14,27,37,21,42,32,40,31,73,76
49,48,77,91,22,13,27,11,29,3,2,10,6,83,9,62,53,71,99,86,75,76
98,95,55,91,17,15,34,37,3,21,5,4,51,52,9,80,8,85
30,42,83,53,16,60,74,87,100
44,32,19,55,12
66,58,35,17,22,16,34,25,26,21,83,80,9,63,100,50
1,78,6,40,63,81,86,84,85
98,66,48,77,93,17,23,39,26,38,29,12,42,82,80,54,63,86,75
66,48,95,94,56,91,90,35,34,25,37,11,12,2,1,30,31,40,51,80,8,87
98,40,39
96,56,25,16,26,39,27,29,64,62,53,54,8,61
43,22,25,14
65
49,97,69,78,77,56,46,17,15,24,29,42,40,31,51,71,80,60,87
98,48,57,56,55,91,90,36,16,25,28,38,32,9,80,72,87,100,84
98,47,29
17,36,33,39,14,11,82,83,65,80,81,86,67,69,96,95,68,90,24,25,26,5,31,53,74,50
30,35,18,15,39,11
69,59,57,92,18,80,28,89,12
97,79,42,6,4,51,52,99,75
20,30,57,71,16
94,22,38,1,7,51,64,70,80,8,60,84,89
1,69,59,30,46,18,23,15,53
97,95,59,24,27,12,10,4,40,65,61,75
59,92,32,51,71,26,28
79,59,58,64,65,81,63,60,98,48,97,69,68,47,24,27,28,2,10,32,31,53,9,73,74,75
78,57,55,36,18,15,34,39,37,12,20,41,80,81,98,66,93,47,46,90,3,1,30,32,71,8,54
66,78,68,93,35,17,9,33,86
2,78,6,18,99
78,77,94,57,92,47,46,22,36,33,29,1,30,82,83
69,91,75
66,10,77,58,41,92,64,18,70,14,100
67,66,78,95,44,91,35,17,39,11,21,64,65,53,54,73,87,75,50
49,69,45,93,44,36,15,34,25,12,38,29,21,43,30,7,6,5,52,62,74,89,85
67,59,56,47,46,91,35,18,15,13,37,12,21,7,42,70,72,99,73,84,76
69,46,55,18,27,3,2,10,7,52,83,99,86,74,100,84,89
77,30,43,32,54,8,16,73,100
95,77,59,24,39,27,12,38,42,32,31,51,81,60,75
66,22,26,2,20,1,32,53,63,86,88,89,76
49,97,78,69,95,17,90,24,34,16,2,7,76
97,77,83,33,27,61,37
58,57,56,17,35,15,12,38,20,42,64,99,61,85,92,24,27,3,30,5,31,4,51,9,54
67,48,59,45,58,56,92,23,15,25,16,29,3,1,42,71,81,86,73,99,84
66,96,77,6,93,17,80,86,26,74,88
69,59,94,22,15,26,38,10,70,62,72,60,75,89
98,97,78,77,56,19,35,36,13,27,28,21,80,84
94,44,25,26,38,31,51,70,52,54,100,75
97,36,23,16,25,27,28,11,29,3,7,6,5,86,60,73,99,61,74,75
96,78,77,93,6,92,17,53,25,87,50
78,47,55,83,53,39,27
97,78,45,58,47,22,23,11,42,70,62,73,76
79,19,55,35,36,18,16,14,42,65,83,63,60,87,84,67,95,90,22,23,26,28,51,70,53
98,48,95,45,91,46,24,12,43,82,9,72,74,84,50
66,95,46,36,26,27,37,11,29,21,20,1,30,5,40,31,4,62,8,60,100
10,70,39,74,28,100
97,30,44,93,55,23,15,37,84
98,19,36,16,37,12,20,41,51,64,83,72,73,75
67,68,93,62
97,66,48,78,57,22,16,42,32,31,53,73,87,100,88,85
72,28
67,96,95,77,47,56,55,46,15,29,82,53,71,62,81,86,100
98,96,95,59,47,90,17,25,37,3,2,6,51,62,53,60,74,76
68,58,94,19,92,90,15,16,11,38,3,10,30,41,4,82,62,60,87,88,76
78,77,59,68,23,24,25,11,28,29,3,30,51,80,60,86,61
48,45,44,64,11,50
69,95,68,45,55,46,15,13,3,1,51,52,71,54,72,73,74,50,76
49,66,77,59,57,56,91,35,36,82,64,65,80,53,8,73,74,84,89
96,69,95,94,45,56,46,18,26,27,28,37,11,29,38,40,52,9,99,88,85
49,51
77,59,36,33,15,16,13,11,38,20,40,83,60,67,97,96,95,47,92,91,72,73,74,75,76
79,69,94,45,55,36,16,34,13,29,2,7,30,6,82,100,84
98,69,58,36,15,26,37,29,10,30,5,31,4,71,72,87,61
79,40,55,51,83,18,63,34,86,85,89
69,57,19,47,36,16,42,31,9,73,88,85,50
49,69,47,65,24,53,54,84,50,89,76
66,48,59,45,56,47,46,17,18,3,43,40,53,72,86,99,61,75,88
32,26
49,67,66,78,91,22,35,33,5,31,51,54,99,100,76
97,79,66,96,78,95,35,33,12,21,2,1,7,5,74,85
97,96,93,63,50
97,19,56,36,15,25,12,21,2,10,1,32,63,60,87,100,76,50
68,39,14,28,21,3,20,1,6,4,40,51,8,99,50
35,16,37,43,41,82,83,86,60,85,98,94,22,24,26,27,10,6,31,51,70,9,72,54,75,88,89
59,57,19,55,35,18,37,38,20,43,42,83,62,87,97,96,94,22,26,30,32,31,71,9,50
98,58,65,9,11,37,29,12
2,8,84
66,79,69,96,45,18,26,14,3,21,41,4,82,71,54,86,60,50
66,78,59,68,19,46,17,22,16,10,41,31,52,65,81,86,85
79,78,15,13,14,37,20,83,81,60,100,85,98,49,48,97,23,26,2,10,31,52,53,72
21,2,30,82,23,71,34,74,37
6,71,72,14
98,59,77,44,57,17,36,15,33,38,3,2,7,43,42,51,64,9,87,75,84
48,96,68,11,21,1,10,64,70,71,80,81,60,85
49,97,79,69,95,55,35,26,39,29,20,10,6,41,31,82,51,83,99,87,76
48,66,77,59,45,94,44,56,55,22,18,14,27,38,12,7,32,71,9,81,74,85
69,92,24,39
79,69,92,81,99,37
49,66,94,19,36,27,11,41,40,52,60,84
1
