116,262,752,112,110,787,827,214,847,845,274,182,510,569,430,40,421,588
133,693,750,967,672,124,951,324,644,446,746,354,908,419,575,73,141
522,842,186,838,634,952,795,706
696,210,112,570,136,474,633,925,150,416,995,457,993,625,568,744,102,692,89
202,504,831,45,226,317,474,980,450,206,667,521,728,277,542,389,400,625,730
66,803,749,195,894,54,591,733,38
389,925,603
686,766,147,455,672,884,537
79,571,110,195,17,486,665,433,368,108,721,550,246,506,854,636,651,320,27,165,208,277,186,406,615,898
126,44,854,110,679,322,654,601,426,357,897,590,514
979,77,23,645,155,679,30,404,387,715,565,105,265
133,241,336,769,363,430,723,459,675,815,94,293,229,308,630,679,348,718,808,231,585,549,733,732
764,55,178,868,310,921,151,174,889,700,620,780,659,221,598,957,651,833,165,502,351,569,544,356,612,991,401,549,562
212,766,802,683,113,829,110,862,645,455,63,706,98,221,251,223,302,839,952,26,709,207,974,180,524,357,374,32,358,874
734,467,92,876,557,547,208,282,273
389,954,761,788,15,54,27,362,412,142
842,364,96,693,297,776,64,547,887,910,870
135,829,945,660,370,952,944,28,208,533,172,670,242,254,238,870
250,988,223,327,110,508,965,229,634,283,735,151,918,401,574,566,607,616,61,730,617
788,190,985,389,482,918,887,705,741,203,771,94,93,44,673,635,394,671,230,294,974,3,374,74
763,252,599,123,56,508,29,282,540,447,483,386,909,608
327,815,674,136,632,191,156,912,282,379,622,490,559,620,711,63,514
929,111,708
373
929,156
115,317,33,980,866,155,363,458,86,604,300,776,121,673,229,324,652,373,350,460,291,792,929,181,32,909,469,425
262,807,318,965,36,866,416,430,519,606,702,101,979,672,581,915,496,320,428,440,258,400,691,901,690
651
807,805,45,227,270,334,292,540,992,199,483,32,140,254,588,141,619,628,237
748,366,55,645
687,806,841,338,224,698,697,324,33,373,910,166,937,712,471,120,873,702,895
117,987,863,663,489,748,530,512,267,247,143,676,226,581,932,709,655,309,460,348,352,429,297,878,403,898,588,562,142,237
57,965,762,111,769,601,199,621,386,749,559,554,854,474,270,779,709,498,974,992,879,614,710,235,425
132,138,815,394,945,187,15,797,13,923,276,992,713,909,903,140,142,438
888,682,573
211,126,506,783,597,941,44,370,35,758,478,170,601,20,451,727,483,5,232,680,439
861,682,944,948,152,436,534,724,173,886,578,595,959,597,957,931,341,934,296,910,7,893,566,9,526,564
203,773,931,953,859,320,37,469,82,400,720,233,254,253
67,263,594,816,787,34,656,540,544,43,387,32,443,552,101
657,300,136,660,609,310,191,938,793,460,119
988,133,638,92,761,774,91,394,178,313,478,767,985,168,491,151,6,515,425,246
284
842,647,316,19,137,281,330,16,767,844,667,417,431,700,63,553,49,200,838,934,462,239,736,877,406,611,900,526
77,766,327,957,304,827,926,382,484,923,27,996,352,163,355,433,7,108,903,702,998,628
453,2,144,378,729,419,82,557,894,607,497
942,598,826,862,474,476,311,913,790,287,431,299,186,106,562
144,669,251,503,941,188,971,129,921,209,713,174,622,520,401,884,613,894,587,253,576
601
463,507
147,216,907,585,99,488
595,763,408,581,40,526,795,947,679,514
134,783,969,317,34,866,924,156,192,740,414,66,68,499,953,272,320,168,274,292,275,357,544,545,406,120,53,730
390,683,319,777,965,111,228,644,313,866,531,748,427,180,164,434,184,558,903,400,459,71
298,166
431,777,546,671,904,412,666,939
807,639,132,941,124,964,194,756,938,498,368,519
379,95,306,626,721,103,402,586,708,794
850,303,55,35,473,312,191,285,320,601,491,426,181,53,104,120,573,72,587,730,705
781,920,145,813,261,840,914,166,833,156,845,974,286,993,407,626,102,895
824,763,381,943,158,196,313,433,746,726,83,625,413,514,706,959,220,814,581,933,342,935,347,500,462,160,472
143,677,114,688,93,226,230,869,370,964,837,379,734,151,278,385,529,615,553,235,708,603,998
752,740,342,924
379
806,78,804,766,805,940,384,280,868,36,11,366,152,172,626,607,605,248,204,658,304,798,208,500,974,462,32,872
126,145,317,608,645
173
782,841,840,800,762,159,177,640,192,12,453,607,702,247,84,126,675,599,580,796,737,494,993,8,901
676,511,387,458,858,857,984
668,202,713,383,34,206,744,337,168
746,752,524,198,32,294,704,953,26,425
830,48,773,571,200,931,775,946,848,630,418,718,700,893,568,73
125,639,750,865,698,648,862,651,950,36,189,926,34,207,416,510,243,553
802,786,829,219,485,663,923,170,20,457,410,103,249,754,977,755,506,695,560,596,815,673,634,650,907,374,545,894,403,897
220,688,978,828,319,270,331,488,790,729,174,369,73,897,592,998
512,770,447,908,195,625,484,422
993,864,614,479
42,889,175,585,916,53,655
988,672,633,194,372,833,921,908,990,358,557,624,629
695,97,805,390,776,777,858,926,944,336,351,654,735,42,83,412
861,822,59,801,927,928,217,961,154,387,819,977,505,126,850,300,390,637,496,291,462,277,160,561
133,210,58,571,801,486,925,152,745,452,243,103,506,657,121,671,90,971,24,709,833,29,355,809,53,54,732
417,144,635,627
210,682,762,35,18,925,845,620,539,721,514,595,509,699,837,23,797,794,27,168,913,757,717,30,297,374,89
211,95,240,828,786,44,581,964,867,283,922,435,161,513,378,365,42,359,703,439,235
843,67,695,683,138,323,502,155,209,453,728,451,991,819,681,422,74
956,371,176,344,295,821,320,192,322,38,282,492,286,610,534,184,32,86,514
687,535,776,762,230,331,912,706
262,220,263,823,852,642,324,325,662,491,494,452,907,520,173,620,584,702,681,130,516
220,782,401,29
976,126,506,596,675,252,327,226,801,862,46,928,178,476,346,320,938,282,428,120,62,741
843,920,807,77,643,217,336,310,156,288,454,727,538,608,882,773,560,44,306,796,271,463,907,185,526,564
861,832,122,430,399,779,911
46,86
807,114,829,294,305,868,833,309,444,493,175,621,875,65,568,448,898,895,564
78,879,46,258,178,680,645,157
171,544,55,964,64,71,233,361,743,84,835
509,750,682,945,229,189,337,810,436,464,419,142,870
261,647,149,818,439
956
79,213,111,281,314,925,980,645,337,334,435,539,414,553,84,741,390,148,853,207,498,2,995,565,613
695,825,683,638,787,915,973,922,446,718,6,242,74,88
623,802,930,634,567,848,189,238,641
772,349,446,466,227,652,661,373,498,563
580,17,868,15,925,343,935,27,28,769,453,993,359,231,891,439,423
669,135,940,195,175,885,438,755,222,639,509,46,799,187,837,950,308,970,207,292,877,566,905,425,256,141
596,393,854,214,775,943,295,118,939,512,454,375,738,725,874,99,423,61
143,594,850,694,133,504,124,818,34,779,709,155,348,735,161,426,493,279,908,608,537,618,142
391,987,637,431,992,786,635,537,892,839
48,145,639,798,295,757,154,152,521,406,626,613,83,249,883,901
272,921
595,126,828,672,371,756,479,522,433,164,375,470,904,398,891,616
114,829,800,863,137,283,622,518,603,515,148,304,22,915,798,272,938,291,996,352,276,610,879,715,406,70,564
988,178,847,285,768,846,362,288,481,625,202,144,597,223,327,124,496,709,912,29,445,464,186,875,566,906
134,144,95,814,828,968,851,323,970,155,12,996,746,287,387,400,233,555,267,589,603,514
134,914,330,934,833,859,276,277,357,443,430,82,53,536,81,420,708,603,629,742,576
595,224,377,877,926
764,766,240,636,651,758,427,462,298,539,99,708
830,852,967,864,123,642,499,426,875,609,397,585,459,702,819,61,901
66,597,339,318,992,199,456,140,972,939,12
774
863,17,981,845,20,728,415,175,100,577,596,147,94,852,123,914,342,7,712,186,160,376,614,904,906,259,563
754,144,122,91,951,838,484,917,645,336,13,524,355,483,269,62,255,628
513,428,637,301,184,480,386,642,963,608,732
116,684,487,333,34,13,362,431,41,481,538,413,125,850,770,635,936,793,275,713,544,4,257,874,871,900
190,282,103,61,576,832,850,294,341,293,307,975,461,29,277,1,464,992,299,4,670,897,73,424
349,755,695,689,205,697,858,373,936,272,477,947,453,523,625,131,130
49,927,868,849,273,366,162,183,31,620,61,898,742,100,265
804,785,760,761,179,848,118,623,880,707,553,413,576,706,594,252,226,124,499,933,916,274,292,322,717,718,297,904,529,670
842,695,464,674,673,314,373,910,986,361,870
262,213,178,650,834
804,802,864,317,645,480,723,886,414,604,266,411,696,49,300,814,852,94,507,672,188,935,839,655,321,462,377,670,692,730
815,661,159,949,311,792,335,192,929,416,367,62
330,484,530,363,83,269,606,249,250,851,775,294,343,270,24,650,758,834,290,168,274,460,180,719,7,5,549
772,785,139,698,281,473,25,276,464,542,375,198,740,232,548,702,998
67,832,596,124,856,473,484,912,667,38,3,233
813,222,784,648,672,137,643,971,910,129,440,990,557,567,439,562
211,668,133,111,926,11,192,600,452,483,172,62,247,220,695,675,635,296,794,445,359,710,448,75
754,67,132,969,147,225,148,775,90,18,330,944,207,524,174,544,625,403,692,130
994,64
746,610,58,294
852,138,303,945,789,36,857,645,129,795,351,407,533,730
262,69,815,869,371,324,273,366,512,929,277,712,877,876,721,257,268,606,707,618,629,733
807,78,114,215,927,36,866,846,311,747,746,700,534,606,976,227,651,935,321,996,997,181,541,614
657,240,726,828,930,377,227,691,911,810
668,967,137,642,963,436,740,64,519,887,131,439,516,550,930,477,937,291,544,470,893,613,561,870
220,852,302,46,940,952,820,489,277,700,374,107,583,539,233,256
3,979,210,682,470,549,624,283
955,761,670,53,606,335
772,66,451,784,480,230,662,420,449,38
117,842,456,35,868,217,322
764,864,570,915,197,16,479,2,404,41,480,529,267,74,76
824,215,216,137,940,487,644,218,11,415,622,519,62,536,658,394,634,757,180,10,719,471,565,690,255,732
977,920,133,55,855,293,15,632,848,157,664,346,118,364,278,533,670,701,101,780
807,59,241,332,381,983,369,410,98,955,473,373,973,630,912,835,7,990,160,406,70,397,585,233,730,998,527
416,582,817,532,394,671,949
674,571,802,673,775,194,928,631,759,715,186,400,691,744,692,88
348
678,987,771,688,941,226,473,868,779,274,239,727,40,367,142,901
133,865,648,854,787,361,936,665,877,893,9,741
861,262,807,338,111,684,486,159,947,418,729,623,480,506,391,675,230,475,779,320,239,405,568,872,564
840,56,317,762,383,944,285,170,41,884,743,438,657,329,631,343,779,307,352,876,894,873,120,236,872,692
471,869,769
462,180,815,854,439,617,362,667
824,804,339,213,56,307,26,913,735,2,457,610,906,518,236,579,425,142,870
824,920,943,197,313,922,729,727,721,595,301,324,972,500,445,182,404,907,470,543,185,520,471,490,614,893,70,562,593
686,132,642,867,631,663,973,665,924,640,736,182,404,532,740,54,707,74,247
409,453,739,458,775,314,333,585,730,237
824,69,333,868,305,293,970,533,120,892,731,515
861,675,94,91,496,11,735,492,994,182,535,457,483,469,574,547,707,449,101,424
596,148,474,333,23,307,271,193,388,544,174,374,358,710,448,629
734,153,729,252,908,215,584,670,590,985,248
96,242,835
890,185,587,986
505,98,813,803,139,818,945,324,159,475,756,992,40,101
117,829,864,967,137,485,949,156,451,199,574,268,246,750,224,392,342,971,444,353,465,183,468,893,547,873,421,402,872
696,782,784,673,851,395,315,798,23,178,331,810,3,426,297,888,575,423,248,87,780
814,301,800,636,869,661,664,153,510,173,243,403,892,730,425,902,255
78,992,537
390,941,94,751,801,762,927,487,384,159,847,664,209,12,480,529,905,130,577,85
445,869
824,138,314,36,925,285,700,558,385,609,62,880,265,576,85,97,597,831,205,750,201,461,378,719,465,544,712,586
825,823,383,845,600,436,606,101,705,639,128,149,651,23,709,758,790,734,355,441,340,520,32,186,396,710,259,900
221,693,599,787,818,649,227,798,343,346,502,947,938,748,153,357,107,872,514
204,770,966,306,313,311,492,357,82,885,75,255
669,215,864,486,382,158,641,433,107,625,131,671,474,798,344,655,165,379,352,10,995,569,612,520,231,236
222,356,368,621,104,86,422,604
861,493,599,534,917,478,588,553,882
188,565,195
135,544,854,104,330,16,331,272,88,437
433,646,328,258,796,290,983
850,136,406,982,652,962,892,207,912,237,119
505,506,204,302,942,774,47,324,849,158,288,747,992,369,468,186,420,731,562,742,563,999
989,77,987,753,508,22,660,662,159,952,208,275,419,51,519,459,887,555,561,576,780
505,920,822,960,129,11,347,983,995,611,376,565,883
135,695,750,864,111,195,661,916,15,285,165,513,388,700,565,721,606,552,562,998,563,576
318,139,647,362,665,282,150,42,557,62,268,573,84,437,506,187,371,650,166,759,737,899,277,466,738,618,617,142
126,571,159,975,193,3,454,994,431,569,536,233,691
127,712,195,242,743
669,430,459
804,465,151,558,578,61,311,495,514,411
364,69,300,688,509,189,617
126,391,338,301,801,926,495,297,257,573,892,517,579,266
668,782,753,94,179,305,981,926,25,276,80,585,102,705
560,300,599,941,803,685,635,370,381,857,26,665,311,322,453,462,929,524,388,456,242,84,89
202,66,860,280,797,336,13,924,322,464,908,174,575,625,537,439
841,405,299,443,55,711,656,479,76
675,682,301,645,129,502,273,119,513,275,492,454,719,151,725,458,455,173,613,70,61,591
996,170,600,814,908,233,54,618,479
96,114,327,661,858,631,961,655,311,167,792,500,29,542,181,6,543,406,430,905,887,414,628
958,77,761,213,56,862,219,344,944,311,180,355,719,286,428,387,712,903,53,892,576,551
687,262,212,133,786,159,313,310,380,984,512,417,433,885,880,145,504,817,795,655,321,239,736,614,903,403,730
339,802,785,648,111,935,331,924,118,208,756,679,601,359,903,549,874,423,516,708,742
959,117,688,457,394,855,105,484,517,576,479
366,689,111,798,905,518,157,190
686,48,132,637,329,508,931,281,343,655,129,985,334,947,453,199,543,407,385,701,50
210,964,314,219,218,767,284,337,152,150,482,410,886,126,222,95,252,124,303,853,23,652,189,166,496,567
161,114,786,490,401,917
220,807,179,971,33,644,346,27,667,427,463,726,377,401,903,720,615,130,89,999,732
843,95,328,788,384,962,632,948,151,287,183,367,102,562,256
865
200,228,838,315,26,207,794,321,275,492,734,433,457,990,548,572,586,905,555,617
595,226,927,323,36,848,679,460,174,357,368,894,53,233,561,882,690
788,914,982,373,248
97,677,145,77,112,829,954,90,333,189,28,531,791,463,610,520,172,340,723,51,82,518,605
843,969,840,316,868,315,37,11,418,436,574,413,705,741,506,144,145,675,230,953,373,779,208,2,1,398,730,89
966,762,111,323,656,665,859,360,379,171,277,990,703,740
391,390,815,968,684,169,820,39,795,496,192,162,713,919,882
421
353,890,535,62,322
832,174,458,480,880
254
841,784,215,828,787,176,847,949,923,664,454,153,534,702,86,247,509,122,633,474,371,24,937,279,470,469,50
207
133,571,314,22,791,746,401,51,574,259,590,900,525
781,215,178,312,645,961,821,190,283,43,368,609,680,438,95,978,270,971,796,307,274,479,929,443,875,398
560,967,19,47,775,838,650,834,986,362,378,995,469,904,257,243,891,62,247,89
861,215,940,383,384,150,388,535,518,61,127,300,957,188,834,273,352,354,406,376,4,234,892,562
288,713,104,76,255
784,210,682,787,981,848,949,666,41,918,720,103,516,708,706,602,830,220,223,252,327,914,939,183,279,468,51
668,597,199,8
824,765,827,314,661,155,723,704,607,624,707,413,49,977,959,596,95,93,474,797,24,632,834,275,404,443,4,399,562,449
825,48,148,316,966,485,285,847,495,821,366,569,174,612,723,556,627,584,572,420,449,628
513,770,123,227,862,856,249,924,756
109,576
735,276,693,814,580,306,315,99,664,502
770,698,931,661,439,460,85
117,393,224,967,673,856,652,917,484,337,679,462,523,6,377,919,238,425,89,564
79,657,338,683,111,383,634,382,11,273,500,790,492,276,153,493,892,518,256,564
98,676,96,987,596,865,673,647,486,632,25,129,975,38,388,990,723,574,83,99,449,1000
862,474,981,980,952,13,667,351,43,109,175,556,232,547,54,254,99,619,593
463,277,223,726,652,934,971
262,668,781,841,319,137,928,330,846,155,119,363,518,267,84,832,146,580,815,839,498,29,996,444,354,993,376,234,591
696,67,677,138,750,571,57,598,394,801,111,931,499,923,983,729,992,131
133,599,302,925,496,985,193,489,37,641,409,524,465,992,456,562
959,830,509,327,854,201,868,643,746,433,623,410,396,269,743,424
669,771,94,685,178,839,846,546,565,722,711,680,253,100,142,424
276,287,57,419,609,982,549,285,360
823,688,674,93,92,194,330,373,361,910,502,283,500,209,451,524,908,297,43,442,612,130,142
695,774,945,381,38,119,790,279,243,874,590,563,246
202,755,658,776,817,508,323,330,849,953,381,382,34,429,355,163,386,892,399,707,255
783,850,510,638,611,227,233,578,37
262,134,19,827,684,194,947,20,530,433,43,432,533,244,572,60,249,61,148,914,341,306,24,345,460,679,523,736,469,255
773,203,832,841,132,77,331,176,196,654,409,512,447,199,622
69,682,855,849,381,26,859,877,587,130,525,564
213,299,472,394,35,324,778,197,350,870,527
98,812,807,646,852,786,213,911,154,535,909,620,400,519,71,268,86,619,85
117,135,765,240,195,228,333,970,972,924,351,174,712,700,368,442,471,232,245,248
816,301,648,200,230,280,499,849,943,666,321,531,600,20,451,541,245,104,100,733,84,411,50
843,987,863,862,788,868,921,366,20,434,174,723,608,391,813,122,954,856,229,345,408,548,891,872,564
134,263,113,863,966,957,983,522,491,716,565,9,54,236
750,816,110,545
144,93,633,950,8
822,642,789,314,980,821,335,453,722,203,771,304,952,166,129,833,975,792,835,462,735,472,529,70,72,587,692,527,237
144,764,580,113,582,914,474,858,820,960,478,156,282,746,416,172,875,627,400,403,526,439
781,132,964,217,196,218,960,511,700,811,148,92,305,320,974,183,7,467,400,234,259,615,586,562,895
21,491,522,806,428,582,299,837,586
977,503,694,228,27,522,444,354,297,441,529,566,140,564
861,850,771,816,942,963,197,866,166,272,405,722,54,131
979,826,827,346,679
763,212,920,318,685,486,664,366,431,703,552,706,264,594,755,48,657,639,850,306,912,379,445,523,357,872
114,338,941,44,964,487,188,980,944,846,911,27,154,524,993,369,621,558,51,103,102,236
945,34,986,192,435,151,482,106,65,706,830,958,227,775,325,290,937,737,30,712,809,529,422,902,255,690
67,843,689,204,113,854,982,652,307,367,245,401,82,518,887,249
686,59,787,280,36,361,417,431,369,41,40,559,538,87,101,551,143,506,96,931,306,24,498,497,521,440,298,547,874,730
203,260,59,128,241,213,953,631,190,794,491,3,375,732,85
281,502
364,814,636,22,423
772,850,147,94,827,779,13,282,164,299,991,82,629
782,260,800,849,820,190,14,365,512,416,889,701,881,579,780,830,224,698,303,201,951,188,305,476,836,792,180,8,76
223,261,699,36,99,924,836
842,862,660,928,926,513,888,724,126,832,596,45,852,147,751,123,26,165,939,10,738,520,71,892,563
418,646,185,775,981,414
505,503,523
262,669,78,766,59,137,986,37,415,431,175,63,707,86,579,741,496,834,322,494,715,407,567,586,8,54,871,448
506,408,968,318,759
686,787,685,820,821,488,417,746,918,626,86,85,958,753,596,328,697,951,779,273,275,239,991,670,420,50,564
988,801,158,960,454,728,151,889,749,61,628,959,127,799,307,166,912,938,348,409,161,715,396,421,897,692,425,50,901
134,338,504,831,124,21,491,352,467,420,624,615,423
755,250,145,58,110,648,371,656,666,292,491,454,559,626,892,233,552
988,805,55,788,980,484,361,640,452,172,518,550,84,93,632,502,495,500,278,7,543,73,733,690
522,737,279,691
696,135,823,329,90,217,833,810,738,878,65,9,887,604,881,425
127,718,198,438
212,133,766,840,58,332,382,767,436,530,622,700,245,626,80,81,705,100,66,751,227,633,348,161,738,469,566,894,235
262,967,570,177,985,108,703,86,61,411,773,694,146,148,651,294,27,320,498,719,163,182,739,610,738,377,619
781,669,689,191,386,532,627,575,536,678,69,854,581,975,756,810,353,791,440,713,4,160,397,448,730,424
522,684
841,868,34,14,666,466,569,43,991,376,565,568,733,515
696,765,957,194,305,798,644,478,911,379,523,297,185,299,909,559,64,609,625,399
224,802,58,698,197,644,336,769,653,491,717,436,365,700,369,5,670,566,891
116,662,960,458,175,625,515,742,978,92,582,855,476,797,953,935,970,859,793,654,929,428,615,901
752,761,169,858,322,492,433,482,40,991,609,104,420,617,235,237
2,736,509,147,100,999,654
329,884,39,983,89
647,895
211,145,571,139,419,104,33,337
668,838,169,962,859,334,542,808,573,131,898,88
79,969,785,962,33,382,282,622,42,106,606,603,773,753,329,495,939,427,464,520,420,526,898,238
98,737,96,77,978,148,19,935,233,629
134,687,930,149,956,839,961,848,910,973,309,27,768,283,921,37,601,512,163,109,377,398
861,148,829,854,762,855,34,271,759,845,11,282,491,386,406,469,554
806,261,968,941,864,789,945,821,284,12,288,418,510,42,705,678,97,674,777,306,460,291,929,716,441,140,898,593
318,412
969,647,136,642,18,33,485,119,152,454,556,82,721,780,602,577,750,930,46,853,652,653,792,679,164,541,895
989,940,778,484,655,859,273,540,436,734,736,892
376,337,208
3,263,96,327,185,649,539,178,950,529,254
685
748,782,135,752,133,544,7,621,904,82,871
754,807,783,803,839,709,769,679,457,809,616,731,516
287,987,942,839,326,910,883,792
765,766,327,751,650,218,28,347,912,793,747,5,51,566,701,625,589,592,255,141
491,260,967
659,239,78,583,306,915,605,708,628
763,251,815,673,643,11,350,497,491,748,520,892
212,223,750,55,869,486,461,366,375,544,160,529,701,130,89
599,58,581,315,960,972,810,913,929,908,714,419,731,100
677,765,328,110,818,980,16,218,767,922,535,909,876,130
687,128,817,775,187,371,946,486,270,475,347,641,153,162,278,808,701,573,423,605,882,89
77,864,56,111,961,150,151,419,430,627,63,555,605,659,832,145,915,345,168,350,491,376,614,903,561,588,1000
221,137,46,869,177,944,794,630,276,40,809,62,880,238
825,752,771,504,280,119,601,482,404,612,809,904,608,72,249,871
391
166,617
215,776,301,775,853,189,461,357,7,559,749,702,141,527
161,95,532,871,495,656,425
830,601,203,114,182,761,932,9,16,29
349,696,221,276,524,638,304,83,631,952
57,826,684,869,35,486,217,960,285,574,626,744,265,438,551,637,301,303,634,460,491,429,5,469,52,584,398,892,692
860,327,777,226,481,793,425,901
600,677,457,889,967,110,439,26,346
734,163,638,816,259,923
486,981,280,311,729,42,481,819,102,743,438,202,300,770,128,831,753,580,956,303,838,295,793,975,460,467,377,906,420
689,112,803,179,867,39,453,153,723,244,105,518,708,741,67,127,251,145,776,750,851,917,26,444,463,398,9
764,499,158,129,29,792,844,491,429,879,548,906,104
106
349,806,783,146,685,159,970,475,641,844,404,299,377,480,490,681
824,59,582,539
211,770,752,698,651,280,868,324,272,129,501,974,364,354,894
223,210,302,942,508,124,280,476,857,25,847,155,37,792,997,518,573
35,245,891,273
687,212,987,941,942,944,418,288,150,172,455,722,131,743,130,202,203,506,250,597,673,697,914,543,6,140
220,764,978,828,392,957,306,915,836,653,118,510,993,714,891,238,706
115,213,946,921,728,198,82,80,819,252,45,44,774,697,932,305,837,936,379,163,469,406,691,897
790,220,239,760,298,110,40,370,487,986
920,570,113,178,15,361,453,700,704,572,264,883,602,349,391,853,230,916,953,208,168,997,239,467,471,255
275,695,387,738,649,838,680,593
143,134,805,304,648,18,23,643,512,198,458,545,70,104,233,131,413,411
830,958,752,210,94,817,315,495,859,320,984,835,530,716,737,364,183,722,691,605,101,256
782,753,405,375,457,539,670,924,1000,984
675,683,241,647,862,950,324,158,39,206,7,724,533,545,419,876,567,243,552
211,226,611,723,396,662,650,190,912,741
512,736,392,386,70,403,871
144,121,392,954,179,305,182,183,612,721,624,526,528,628
805,840,784,133,570,19,645,287,367,245,64,146,123,508,915,952,709,835,735,464,993,469,398,891,72,897,902,732,50
675
620
328,241,449,577
542,19
132,688,941,786,395,652,925,934,176,986,445,150,493,558,909,561,102,617,514
212,416,570,226,965,376,272,247,209
599,642,606,757
594,635,957,627,36,421,710
860,133,200,581,383,2,719,623,621,886,573,536,707
976,215,966,826,214,177,662,484,206,912,531,447,431,516
806,864,685,333,486,849,361,453,64,626,720,681,624,881,659,223,146,815,342,974,275,374,490,31,733,424
127,596,226,582,761,642,206,767,859,833,192,426,899,199,904,564
878,400,270,632
977,128,761,91,487,341,206,157,758,362,792,209,791,180,994,622,413,882
830,750,851,122,697,35,284,119,983,379,790,428,397,120,550,264,424
861,989,823,840,55,177,768,192,153,42,554,602,959,813,697,796,321,350,353,352,354,465,7,470,565,588,872
683,648,486,362,512,364,919,455,533,104,624,131,628,66,813,95,814,776,301,474,838,910,498,28,654,4,562,74
830,677,146,393,635,837,330,778,307,833,479,729,286,340,627,608,459,518,555,248,705
77,240,776,945,294,485,308,34,655,180,734,446,465,713,387,889,41,368,4
687,760,827,928,641,152,483,740,245,517,741,595,659,204,831,342,324,631,296,321,757,353,736,614,893,711,870
221,746,954,550
765,510,738,700,684,946
217,372
782,807,224,196,768,985,27,622,356,578,692,515
978,370,634,485,373,157,156,337,974,275,877,537,398,710,587,266
59,646,57,684,660,17,928,486,963,662,925,285,156,367,414,130,505,595,597,205,507,636,370,229,444,711
211,807,338,339,789,964,963,949,924,769,193,418,41,63,503,951,296,326,207,162,899,428,375,359,612,545,490,235,619
162,982,474,344,254
688,599,303,475,450,273,738,386,567,236,897,692,449
659,251,805,46,201,341,22,195,284,346,975,119,152,718,993,878,720,691,591,76
221
696,987,786,5,939
920,139,649,847,190,155,286,416,80,881,780,830,66,222,147,301,581,858,496,501,709,351,523,466,407,875,52
959,505,204,766,852,683,942,91,292,522,790,542,627,565,234,53,710,568,552,75,629
976,503,391,77,112,328,942,638,866,34,944,478,495,380,498,29,184,707,141
737,908,869,627,935,156,640
763,390,571,179,945,33,848,496,973,464,574,590,562,101
510,570,797,448,690,479
959,765,300,128,863,962,321,654,479,353,623,458,700,715,172,419,430,585,707,692,708,730,902
545,269,63
541,658,751,863,259,424
843,211,643,155,38,436,389,480,559,832,68,94,328,329,303,778,373,709,479,447,583,401,876,547,905,402,730,902
79,59,802,57,685,507,934,858,925,949,679,757,180,162,745,405,374,725,258,875,547,81,692
782,317,33,159,380,118,288,364,727,721,578,881,413,438,696,144,503,855,28,347,162,929,298,587,237
67,773,646,598,306,661,963,478,502,273,792,530,354,532,258,243,819,681
718,864,701,269,207
382,61
657,675,316,985,912,513,358,875,269,234,268,254,589
227,499,326,947,460,728,356,42,458,397,743,780,255
216,857
959,825,753,128,852,394,762,188,341,768,156,418,3,454,746,726,992,109,52,81,242,268,75
688,829,942,194,928,362,985,512,749,410,703,626,819,60,577,326,758,322,444,164,4,670,231,254,561,425
67,841,658,610,419,671,280,833
97,752,841,391,146,327,225,598,44,856,34,632,911,335,355,434,369,421,60,629,550
766,805,785,982,159,361,768,457,889,621,608,49,222,122,932,325,296,479,913,523,440,397,616,399,235,591,425,424
800,137,641,21,417,519,414,578,659,772,505,850,251,121,147,854,932,855,343,797,345,407,406,421,259
987,138,785,851,241,329,931,280,796,191,847,348,38,929,734,406,573,887,236,591
426,725,470,377,19,636,858,25,973,360,335
143,678,968,785,826,293,963,632,478,162,734,523,356,184,40,518,517,872
961,380,193,746,199,724,704,538,87,742,830,954,304,230,838,326,271,836,7,490,52,670,120,140,1000
686,144,509,318,139,862,748,186,808,70,625,720,887,901
969,776,44,319,826,371,866,25,923,937,287,172,5,471,893,703,258,80,549,233,563,706
117,677,927,361,986,272,846,334,497,500,183,42,518,618,578,254,246
594,822,699,92,123,305,189,346,463,510,151,7,738,907,186,459,742,265
213,36,119,452,174,108,556,702,414,881,100,514,976,69,815,200,497,810,521,181,185,420,615,50
349,504,805,786,964,332,36,656,168,734,352,721,519,555,706
366,446,715,64,868,83,617
116,958,144,114,205,750,302,955,201,946,293,381,779,935,477,42,558,518,413,692,603,998
492,443,651,963,244,501,936,833
787,169,291,994,151,534,725,480,904,893,565,607,720,249
824,223,917,970,655,27,912,791,493,440,431,297,889,406,430,909,173,566
49,977,976,392,862,229,868,37,479,152,735,7,299,886,585,887,624,142,882,563
754,755,694,582,270,310,362,477,913,790,791,416,198,471,407,469,490,245,402,553,564
754,977,966,957,178,915,169,855,496,14,321,748,435,353,418,389,440,483,700,73,617,516
416,447,713,674,760,169,381,625,926,50
127,828,854,635,827,834,321,335,363,109,483,432,546,548,258,567,605
982,333,196,118,334,152,513,746,287,367,410,550,349,144,673,699,341,971,274,461,429,494,279,468,587
239,458,340,306,23,105,631,197,579,912
826,762,916,310,936,13,821,859,354,993,456,410,881,253,515
997,199,573,402,592
364,43,357,683,225,358,227,642,27,628,690
126,813,823,967,851,178,320,460,21,746,279,131,73,422,247,141
319,216,394,953,836,939,275,352,535,356,534,369,614,884
860,646,306,709,477,380,489,497,379,734,428,523,43,441,432,620,613,9,421,73,707,248,591
920,560,510,109,761,303,400,333,231,312,193
963,866,450,118,334,488,171,624,99,505,693,393,200,971,632,491,447,6,520,891,140,561,587,895
864,56,970,326,986,767,129,193,21,436,180,736,888,6,620,918,490,258,902
262,349,145,785,775,372,663,389,367,414,707,579
683,964,768,821,769,11,745,533,620,884,242,603,247,221,753,228,229,270,858,679,291,735,929,736,529,423,255
143,48,776,113,698,966,124,394,508,945,17,330,916,663,446,375,472,876,894,819,422,437,411
989,920,159,197,158,336,767,498,445,173,611,809
393,166,912,757,479,278,494,41,407,421,886,254
594,139,829,818,660,169,502,168,351,654,510,481,627,244,905,618,898,882,550,89
675,908,611,981,344,168,237,514
125,134,920,676,95,805,638,928,946,345,191,767,911,679,810,600,239,544,41,574,691,256,577
210,318,319,56,179,660,867,662,986,156,947,170,453,747,727,60,414,602,773,677,657,146,598,188,631,447,894
753,252,638,951,197,344,758,768,436,510,622,712,385,410,553
678,180,672,359,749,652,310
97,825,689,127,132,752,753,318,22,324,501,630,793,366,600,286,415,442,439,731,691,528,870
861,964,963,943,380,641,601,170,622,703,202,97,144,127,815,858,272,810,162,340,4,403,420,587
252,215,44,384,272,118,277,429,727,875,538,53,74,422,255
687,126,689,59,890,302,851,751,395,219,342,24,662,925,664,26,279,376,723,573,603,256,883
601,184,227,809,396,926,271,437,489
695,832,765,59,509,827,227,928,313,345,833,665,337,938,366,405,369,108,894,819,1000
202,138,967,800,915,971,501,960,271,311,939,717,531,467,71,586,254,517
152,777,124,962,256,348
507,775,964,904,217,625,847,562
349,684,838,166,692,550,460,667
919,672,631,412
260,965,384,484,285,155,153,387,622,80,243,681,505,250,695,677,777,507,23,796,479,278,182,809,421,549,895,901
505,824,78,96,128,390,815,393,967,570,685,124,229,272,985,274,844,335,524,574,680
125,677,115,596,951,281,798,973,960,498,347,479,415,718,569,712,575,885,606,819,235
771,789,333,557,384,16,156,821,321
842,222,261,201,35,90,484,833,12,540,452,279,441,749,472,430,422
98,860,133,147,598,304,178,910,975,654,939,844,790,601,387,918,991,358,607,516
843,262,782,362,155,489,288,886,681,248,883,959,220,658,753,776,581,228,473,345,630,273,565,72
959,968,699,316,227,382,475,284,975,939,748,378,30,175,387,740,584,516,591,89
365,596,968,432,826,400,307,618,193
766,805,786,821,488,418,512,363,607,701,128,68,582,343,498,679,735,523,494,298,472,714,231,257,9,403,905,8,897
693,407,608,53,320,947
689,35,485,866,158,156,666,512,287,385,104,267,516,811,394,634,293,307,291,479,427,717,440,610,407,32,611,72,617,895
531,694,428,243,322,628
831,647,598,648,195,473,499,926,767,321,274,154,493,991,518,624,60,73,733
861,888,43,368,186,846
98,152,426,364,851,109,826,443,296,423,998
262,143,850,36,499,27,491,745,258,566,538,233,731,131,267,101,238
510,151,109
143,597,802,148,838,643,943,645,857,27,161,717,888,423,552,86,249,901
210,815,817,22,934,379,418,908,184,172,64,459,561
260,77,683,927,380,886,552,550,69,753,476,496,461,427,719,715,359,358,257,529,616,398,563,564,141
862,661,384,312,176,769,845,889,625,555,266,220,125,66,750,672,227,473,935,28,653,790,996,279,565,873,691
262,261,946,980,312,330,450,11,150,286,457,368,724,456,268,98,97,508,953,971,794,461,757,162,181,524,470,401,258
427,812,146,279,216,187,517
482,623,715,670,663,439
216,267
807,677,832,786,829,957,124,323,370,709,190,163,993,369,443,258,459,130,413
222,94,113,829,855,662,644,285,337,284,948,939,491,464,375,183,889,199,185,591,88,603
989,434,302,509,51,946,916,585,253,190,320
781,782,19,862,801,332,17,866,361,533,918,555,536,60,220,832,837,496,167,322,356,400,549,872
639,935,295,759,522,416,182,356,432,481,714,872,780,593
67,824,966,316,124,631,795,26,844,490,376,614,231,885,398,268,730
409,812,470,406
318,864,648,333,310,845,489,199,606,84,742,979,931,636,956,342,778,26,463,738,878,358,73,592
825,212,136,642,962,193,434,198,368,537,639,676,300,979,509,955,674,90,929,545,358,710,568,561,871,691,528,901
427,996,594,968,622,950,189,102,424
594,988,136,123,19,90,178,305,820,478,118,38,353,426,440,908,712,109,41,613,905,707,515
202,813,699,108,185,546,281,904,191,249,640
462,156,142,998
675,967,534,579,833,334
824,251,303,916,911,11,118,192,939,276,745,878,52,575,886,265
77,316,821,769,433,41,104,605,553,603,550,602,659,812,813,302,45,598,341,306,837,778,129,938,719,736,375,616,567,89
211,988,639,865,829,216,486,33,176,488,445,719,277,451,745,494,557,578,101,246
464,174,862,950,973,101,901
773,124,508,634,344,2,184,480,399,259,254,528,732
806,134,782,689,215,55,661,767,922,746,175,82,629,551,696,146,777,46,933,935,610,715,231,254,897
800,685,965,384,381,15,667,531,621,105,626,701,744,780,125,830,98,673,304,508,932,25,917,758,794,991,875,232,547,237
825,770,828,940,305,324,484,866,191,502,759,974,729,612,245
812,850,127,805,673,485,159,348,366,182,389,259,549,101,248,562
772,817,684,501,345,118,350,736,369,54,897,553,248
668,760,17,869,159,663,41,625,249,743,551,411,49,66,93,392,914,344,345,163,279,878,583,567
842,784,682,196,986,924,640,40,881,49,66,391,776,890,509,473,342,346,810,492,464,739,5,715,443,566
202,802,864,216,775,17,22,981,971,118,948,366,899,182,455,723,65,397,52,681,561,780
689,805,865,94,637,148,963,498,461,983,167,170,365,377,64,627,54,563,883
977,260,966,383,188,866,859,821,947,479,879,62,73,101,562
202,676,805,58,281,915,484,190,454,492,739,907,456,904,819,247
668,968,19,17,13,960,844,558,740,721,575,607,247,69,672,838,294,916,952,189,937,207,378,429,990,120,238,870
194
861,112,786,961,389,369,721,246,503,394,953,343,166,833,460,996,719,164,713,184,340,443,548,614,903,54,586,691
506,560,204,33,326,322,167,974,43,992,714,243,81,691,266
64,326
861,432,966,376,371,459,259,99,235,998
116,148,507,317,757,492,9,515,998,255,870,527
824,861,643,769,21,458,455,64,80,681,624,250,121,327,637,956,775,228,916,326,189,347,716,465,907,543,548,876,71,255
754,150,132,637,715,740,308,653,193
162,22
135,694,146,210,317,762,856,916,655,937,29,192,524,355,354,622,712,401,396,897,707
781,390,509,685,762,195,381,308,373,345,334,975,172,566,903,547,519,131,562,742
95,261,571,855,848,768,756,193,427,745,186,233
989,784,327,92,507,227,868,381,632,207,846,28,975,845,348,453,600,153,569,472,400,681
668,803,685,179,159,644,14,12,727,726,889,720,812,639,816,633,294,169,971,270,272,271,491,445,466,712,359,546,564
718,803,468,868,858,12
689,138,786,57,33,15,313,664,435,432,456,265,705,602,126,580,774,631,185,714,876,448,733,870
522,378,223,124,160,697,258,270,233,692,882
77,217,926,190,153,431,367,385,64,539,552,604,696,560,393,816,817,854,294,306,934,350,239,995,404,545
687,843,860,669,132,176,119,152,511,728,363,63,412,678,976,327,818,934,501,479,996,994,523,375,713,441,471,490,809
594,223,823,318,916,158,166,748,746,175,724,555,552,553,74,437,628
49,652,296,795,960,936,353,288,404,626,906,53,590,527
79,825,637,967,188,282,239,364,181,355,995,440,534,359,885,702,102,236,84,265
221,571,786,685,817,915,270,309,498,275,600,278,879,404,420,233,707,413,577
668,67,657,302,931,933,960,154,119,365,734,729,172,918,107,626,236,692,516,705,238
776,751,343,330,767,901
262,781,920,68,301,957,331,366,716,512,468,904,900,448,247
677,260,752,966,632,361,973,28,497,463,992,7,279,714,420,588,692,238
997,389,739,483,228,561,292
842,133,646,179,366,451,109,458,386,80,414,673,774,914,296,839,632,970,290,859,320,440,875,711,585,142,256
116,686,339,802,149,818,801,35,473,15,325,290,630,209,273,104,60,998,902
842,263,969,571,450,284,360,531,363,532,884,459,677,91,951,23,187,834,207,350,348,792,297,471,809,731
453,289,126,800,456,481,613,662,910,74
920,210,786,663,310,847,118,667,171,247,754,126,594,44,90,346,912,209,757,182,992,879,406,909,72,563,733,902,732
251,750,992,340,940,556,478,587
202,117,765,251,252,777,827,956,312,767,960,756,540,464,199,404,874,603,732,870,741
824,860,800,217,15,159,330,158,748,153,700,723,556,83,459,701,268,707,958,814,851,372,346,810,164,546,238,89,690
806,696,505,260,68,115,317,927,194,371,343,839,311,282,679,363,670,519,102
161,979,464,494,784,94,301,432,82,557,244
594,689,805,823,800,226,660,936,170,748,163,184,556,243,86,691,579,87,705,563
842,263,982,867,663,452,740,65,681,702,744,515,603,127,121,775,324,650,290,27,461,379,908,873,898,142
781,596,856,950,866,820,284,337,155,492,181,494,400,617,88,528
136,124,933,308,485,307,663,983,567,873,60,881,525,425,246
203,69,752,132,699,270,934,373,821,161,426,387,545,809,140,439,88
75,12
861,49,391,785,195,797,13,924,491,162,426,163,725,172,891,681,236,411
132,580,599,632,847,192,748,389,918,120,744,50
262,115,766,580,45,777,188,799,330,970,484,961,795,320,14,810,180,728,428,725,711,86,604
19,111,963,921,170,153,533,608,625,603,959,251,751,855,912,679,463,1,465,278,297,713,358,809,584,421,50
782,958,812,391,766,210,800,827,634,159,645,756,429,150,610,41,723,421,8,242,593,255
596,611,194,246
752,955,964,855,644,631,308,313,190,155,948,494,182,174,906,103,874,414,84,50
684,484,961,847,154,435,172,887,131,516,811,49,302,328,394,303,508,857,272,321,2,239,992,404,258,397,871,562,998
668,783,840,761,214,946,18,360,513,366,539,720,518,63,264,66,203,675,775,296,917,5,443,421,9,732
222,383,932,294,607,819,131,743,351
977,830,783,204,752,214,137,671,230,169,928,217,632,833,947,354,5,480,620,607,234,819,259
799,855,778,176,285,274,756,641,460,997,493,541,889,877,533,566,720,87
687,78,685,317,333,337,846,362,153,433,388,40,104,578,815,971,857,796,793,735,466,543,549,615,402,74
97,813,814,287,535,431,990,533,35,793,589
135,694,785,697,15,759,922,164,713,406,608,891,413,690
251,465,390,43,198,442,919,529,53,973
212,236
806,922,38,511,150,745,558,385,681,126,304,931,342,652,189,345,495,654,273,409,444,30,991,233
688,675,18,662,270,336,346,601,491,719,32,245,886,873,731
558,809,936,516
503,95,771,815,796,435,153,368,32,556,722,808,554,881,1000
349,841,504,966,853,324,796,923,501,768,375,396,606,733
391,982,661,631,834,845,990,894,414,744,102,61,237,999
59,682,468,863,36,333,381,8,568
221,850,982,643,331,13,879,431,199,703,244,701,100,564,628,870
781,263,507,421,844
777,480,909
781,263,126,813,639,753,750,124,384,868,326,663,275,171,745,440,401,720,423,254,707
541,877,372,973
806,215,968,982,197,962,645,681,98,890,201,46,508,651,953,28,347,792,348,278,298,401,613,873,403,897
807,240,486,39,481,819,102,579,265,676,639,770,225,395,307,709,758,444,734,278,443,906,905,75
139,778,459,617,924,603,974
829,760,761,137,963,194,484,176,926,450,458,721,572,536,555,131,230,651,473,293,631,295,272,477,276,738,892,692,237,89
480,721,663,86,11
125,10,232,101,780,100,975
696,580,30,612,468,92,257,157,290,460
959,811,117,66,813,823,302,598,123,293,325,373,496,165,630,912,192,493,994,41
850,832,968,940,943,25,961,759,351,152,715,299,558,620,556,886,898,85
125,250,842,306,914,293,665,380,653,28,601,540,289,446,363,545,245,257,702,73,1000,705
152,428,354,507,585,691,871,617,346,732
212,786,803
669,987,805,210,316,644,37,601,746,431,480,410,624,880,578,301,230,303,46,228,306,838,206,756,717,10,712
830,958,997,734,389,441,670,933,730,75,975
503,693,968,599,598,915,858,650,846,983,748,791,386,232,627,616
206,155
210,928,821,193,118,436,480,626,881,98,224,302,750,777,954,931,394,371,24,479,715,185,730,592,589
542,985
503,146,434,569,878,885,663,525
116,144,988,260,673,672,970,936,290,192,3,363,42,377,31,430,681,573,591,237
813,802,328,965,838,22,856,334,322,542,726,442,244,819,449,730
352
202,811,713,404,990,230,643,53
920,204,113,41,395,649,585,292
781,260,988,19,642,924,667,151,554,887,536,102,144,777,122,394,956,341,228,187,654,273,465,375,546,407,469,903,525
676,464,683,684,643
329,779
694,113,849,308,155
861,596,805,941,599,774,800,940,227,217,196,974,453,791,729,181,163,889,340,64,232,236,413
117,752,657,979,114,787,928,953,663,961,361,975,836,171,440,875,568
137,341,86,362,28,497
595,77,580,113,751,685,853,910,937,208,444,366,51,400,886,71,268,606,60,604,741
976,390,205,646,777,957,344,632,192,997,736,533,877,410,616,234,259,402,536,525,603,589,577
850,766,304,801,330,39,521,431,713,6,31,545,574,266,692,75
202,125,446,139,91,869,586
135,78,327,304,649,280,178,159,758,768,948,20,446,431,405,396,537,519,880,730,708,412
781,503,822,59,786,957,800,395,19,169,475,655,630,790,427,365,428,298,532,84,528
805,77,486,778,972,791,289,524,1,375,466,430,566,885,71,54,586,265,424
117,760,964,645,740,103,268,131,880,266,696,677,391,599,580,851,933,343,935,168,521,164,441,31,399,593,732
387,225,172,343,295,960,193
144,755,783,789,946,178,767,206,362,37,482,535,610,267,102,61
137,945,16,926,285,157,923,983,175,387,419,102,553,437,594,695,128,95,751,933,937,168,378,493,541,873,53
465,878
954,136,23,313,501,923,167,209,170,542,533,456,624,242,819,900,552,733,255,411
97,958,751,36,197,330,34,309,716,888,458,359,614,80
678,391,96,105,15,372,887
754
677,127,822,251,223,638,570,966,582,982,769,601,994,524,482,712,172,423,255
811,436,56,520,680,24,797,249
512,955,800,853,894,15,39,552,166,896
842,217,845,170,174,483,918,65,552,883,830,597,979,658,673,799,296,308,952,274,585,891,403,528,424,896
512,791,198,91,54
841,688,877,546,111,54,290,846
855,835,445,354,388,367,410,105,557,9,8,552,140
262,138,785,318,570,827,219,280,331,336,418,884,412,577,678,772,979,252,596,306,347,461,348,542,618,692,1000,425
863,507,159,866,779,130
132,110,177,926,313,334,482,556,60,832,658,225,932,343,655,272,759,207,497,654,757,353,542,441,546,565,875
115,122,110,383,23,320,502,530,723,918,414,603
771,580,570,200,124,280,973,13,11,790,879,185,809,607,588,61
202,128,94,216,226,635,91,281,660,476,485,14,947,845,792,405,993,546,398,259,249,437,411
69,753,785,318,580,302,750,281,217,313,939,152,727,584,883
505,212,716,729,736,766,840,815,559,501
67,125,506,95,94,392,796,361,496,155,118,12,192,171,286,994,109,65,425,238,424
659,504,658,205,392,194,217,849,857,910,292,273,641,276,164,535,108,459,702,900,691,562,895
958,804,957,862,642,855,28,810,277,452,441,109,455,358,891,568,615,591,61,562,895,142
378,463,221,746,558,800,314,189,236,501,912
338,969,760,136,178,866,152,150,457,888,458,455,410,605,743,604,84,302,46,910,477,207,759,653,912,445,876,52,254,692
860,788,214,314,660,33,450,640,192,513,728,725,628,329,818,798,833,353,427,492,277,899,465,470,991,443,232,567,590,448
824,822,647,940,964,725,919,456,103,131,66,814,776,149,307,758,346,498,445,428,466,30,710,525,253
904,615,248
842,689,783,281,981,311,728,480,99,881,742,752,503,753,93,950,939,167,569,404,878,529,892,425
194,820,11,154,480,107,625,518,552,414,880,506,957,227,651,290,28,208,757,791,543,545,565,547,424,690
117,486,662,846,174,533,537,572,243,606,595,677,694,675,815,122,799,915,950,917,794,498,993,468,876,584,400,53,549
210,509,240,57,698,636,179,961,309,37,348,1,889,32,257,120,536,604,730
855,922
212,454,565,167
136
391,766,93,651,778,839,834,768,12,479,275,286,739,574,246
455,799,793
147,328,981,120,947,705,922
597,216,942,507,581,946,177,16,645,311,844,431,174,470,358,893,83,259,568,591,1000,265,527
110,396,308,892,54,578,37
621,370,258,473,943,33,973,448,578,983
221,48,842,850,127,210,570,682,229,634,189,666,21,729,7,405,249,516,413,603,88
817,964,50
276,534,863,827,565,820,691,346,895
613,256
222,841,451,442,826,702,331,881,350,348,209
668,115,760,110,927,640,434,481,536,605,780,816,672,370,797,27,208,734,878,358,875,670,906,616,253,528,732
682,317,381,666,170,410,572,268,628,349,830,977,127,205,931,796,477,209,29,239,9,75,88,425
696,752,261,831,302,865,137,649,614,613
843,78,676,675,673,698,195,945,219,189,767,206,717,1,428,279,623,357,175,990,185,875,87
117,78,111,280,947,282,416,452,727,888,621,430,245,572,536,515,438,677,770,300,978,955,854,90,837,231,710
211,418,728,146,469,227,186,827,487,158
830,68,392,827,856,487,207,167,460,181,745,404,469,104,234,720,536,516,730
3,297,604,902
824,954,113,196,655,767,207,192,60,587,413,130,881,424,438,870
818
695,726,558,980,243,518,361,744,911,947
842,5,583,371,217,680,778,590,235,883,602
861,222,674,817,950,834,756,479,436,289,298,725,471,120,720,62,702
137,214,926,360,38,416,108,539,82,704,887,605,248,189,495,350,28,10,523,612,469,878,903,525,256,999,593,424,690
860,683,113,280,62,605,266,550,602,66,47,345,206,166,759,912,351,654,446,990,893,259,526,528,902
659,221,250,695,261,955,328,582,930,111,934,363,30,992,40,722,680,555,617,872,101,706
752,794,346,996,791,276,428,198,712,533,459,549,589
832,823,760,854,227,228,478,12,185,107,234,259,707,100
125,783,646,316,818,508,980,484,157,13,502,836,429,493,41,31,703,254,550,592
180,773,899,150,823,327,226,9,886,414,192
746,147,108,721,234,372,552,938,12
678,260,338,800,229,778,917,26,496,630,378,455,547,874,586
509,672,827,838,964,293,25,168,533,909,584,887
989,669,510,956,744,284,938
807,599,45,47,775,632,679,297,993,700,397,62,85
143,204,516
595,145,389,386,430,848,283,208
832,277,987,278,174,430,575,308,24,519
843,117,940,789,919,749,740,880,87,101,550,597,47,230,931,169,499,290,758,972,309,274,899,992,397,234
48,864,92,47,226,194,343,197,980,307,495,193,153,405,299,809,740,51,577
988,261,788,17,332,383,868,33,12,667,249,412,628,976,48,503,697,856,933,834,409,908,877,612,614,876,892
571,660,15,282,948,21,151,884,606,594,503,694,45,123,28,427,353,162,791,737,279,895,592,1000,732,89
542,95,509,919,652,9,605,190
126,338,689,318,923,37,793,288,164,4,242,73,707,743
842,987,383,280,985,921,747,175,173,419,63,103,439,102,780,883,474,305,653,479,359,299,905,730,563
349,112,228,916,935,310,14,350,180,163,278,32,430,9,900,618,577
686,841,968,646,647,967,137,660,15,821,769,366,747,623,481,64,106,243,99,506,94,674,636,354,569,443,72,76
598,160,91,31,769,274,983
58,241,854,945,891,290,362,168
696,143,261,210,815,787,660,933,333,858,849,986,284,165,983,209,181,995,534,894,704,254
595,765,251,226,965,188,651,305,270,34,326,790,746,458,4,231,579,604,550
676,753,699,19,868,837,949,464,377,878,723,186,406,548,549,578,131
78,133,864,55,981,13,191,821,574,63,702,605,976,145,94,302,508,818,370,798,343,937,162,180,4,397,585,235
241,863,945,644,666,700,244,886,131,61,84,852,44,324,305,759,274,653,975,497,654,3,544,907,468,4,422,902,88,619
211,843,210,112,599,697,214,798,631,496,630,160,740,575,701,562,247
860,825,69,45,393,941,122,963,190,321,12,364,523,608,744,526,897,527
830,675,571,316,931,982,662,923,336,415,704,526,254,89
144,764,997,363,802,198,545,779,691,604
988
843,941,982,944,664,768,155,11,845,883,391,395,838,652,165,207,180,1,356,377,490,396,549,896
262,357,388,775,703,403,196,793
726,682
989,594,126,395,306,194,11,29,745,726,482,481,874,578,88
221,783,814,395,953,911,985,912,769,922,522,543,612,358,904,616,880,900,999
135,688,59,111,384,191,153,64,814,638,854,149,818,326,836,540,276,31,714,809,616,140,256,895
843,117,145,832,128,146,816,940,315,24,336,400,71,459,605
811,94,968,786,148,487,305,381,34,961,973,975,497,363,726,919,471,720
415
843,824,683,216,153,150,42,886,249,267,125,123,697,229,953,373,496,495,298,71,891,731,140,256,75
830,977,669,223,828,486,778,325,973,429,899,736,992,483,612,64,565,584
659,695,954,684,662,326,756,793,653,279,623,532,481,616,710,140,629
763,766,802,571,138,313,926,723,704,624,242,99,550,220,637,148,200,698,633,838,914,652,129,378,426,352,544,357,399,998
453,44,122,775,478,986,414,237
49,7,404,307,768,247,282
114,783,19,928,847,821,489,513,389,65,519,99,126,147,955,474,296,325,206,379,521,30,470,545,140
594,805,829,827,985,334,12,170,521,510,991,401,876,808,80,561,897,898,528
781,832,486,953,311,352,523,428,175,184,877,621,533,472,893,401,83,710
256,577
969,94,224,777,671,643,361,910,495,190,337,489,479,922,180,542,569,621,1000,550,896,883
19,827,383,194,336,362,601,417,919,749,532,245,243,555,267,814,954,329,303,370,23,296,477,718,259,449,525,425
511,222,47,762,869,499,625,86
678,426,162,979,416,509,532,849,892,477,37
658,750,149,15,650,719,447,279,612,455,245,887,422,708,437
427,764
675,829,635,455,5,382,944,973,605,100
687,783,560,828,955,241,672,923,665,909,456,268,101,602
262,753,969,570,930,698,985,274,844
802,890,216,304,316,981,858,662,311,679,792,601,416,908,175,442,459,819,593
860,78,784,121,816,281,643,961,944,839,28,277,405,558,574,459,624
687,926,984,155,983,601,20,452,175,385,918,105,60,267,553,754,49,770,751,652,950,542,468,670,616,449,895
752,978,115,688,987,91,195,270,360,409,491,153,297,357,483,534,990,377,359,41,722,54,707
526
772,678,801,137,697,933,384,372,916,307,630,322,513,374,613,895,437
850,204,658,230,27,745,992,622,749,885,257,459,617
716,54,27,528
513,672,749,293,485,926,102,361,118
928
840,868,16,923,948,667,171,130,830,250,751,93,775,651,343,857,206,290,375,879,374,584,547,561
824,682,685,928,384,192,748,510,452,721,268,553,248,413,582,930,123,779,475,523,5,875,583,670,76
354,151,715,64,52,872,741
958,127,850,931,671,837,943,758,717,459,573,870
988,68,658,261,856,370,381,839,157,756,193,289,464,907,184,609,710,103,561,413,895,237
116,959,252,648,55,643,972,502,556,244,897,880
696,505,752,145,814,112,294,178,177,478,936,495,378,355,457,458,41,245,554,88,237
696,825,989,689,637,803,110,684,956,486,333,16,288,451,541,510,84,706
215,546,935,515
122,951,219,631,295,985,321,899,184,621,257,701
959,135,682,649,214,187,333,489,623,740,876,53,439,707,592
127,71,489
842,958,989,771,571,306,371,858,916,16,13,759,426,429,182,279,992,874,578,130,237
116,920,148,956,194,305,33,308,665,912,531,418,433,367,918,539,680,422
781,260,319,113,195,315,926,531,451,198,386,268,560,393,302,815,149,971,497,460,409,585,730,617,589,424
78,805,342,943,33,935,34,162,53,744,88,264
391,319,35,643,333,970,189,156,27,457,919,442,991,583
128,982,314,963,798,296,496,655,362,601,718,481,4,232,906,242,514
48,378,889,136,229,159,937,274,84,810
931,487,590
133,138,863,944,665,666,454,364,727,722,552,629,882,144,755,831,658,674,147,302,47,188,839,630,654,180,739,902
46,308,779,952,348,352,745,565,269,420,897,896,732
60,846
977,353,68,879,271,882,273
79,784,646,863,648,34,845,513,288,105,819,811,221,300,813,95,771,224,637,851,954,931,475,462,2,278,470,670,75
505,241,817,862,789,946,797,166,502,666,984,167,993,399,730,75,706
687,251,955,817,371,709,794,292,488,273,379,471,724,481,63,550,780
760,216,213,648,643,13,482,174,410,882,85,639,223,94,329,347,929,718,184,374,712,442,520,72,892,900,895,255
823,942,803,55,217,664,985,721,84,577,349,251,752,635,91,933,305,326,278,297,298,340,894,236,527
669,693,112,240,647,370,798,15,295,821,167,445,492,888,714,400,247,425,514,264
416,968,558,172,213,873,495,984,640,438
494,115,175,44,684,247
204,240,302,17,499,980,644,290,502,162,446,279,722,73
842,240,241,319,281,489,433,175,481,430,740,626,676,979,814,93,304,91,971,778,27,656,29,879,470,529,617
132,260,867,176,190,283,369,430,539,245,627,680,811,122,697,24,631,290,656,427,610,441,585,120,590,423
825,203,92,788,855,778,208,974,983,601,418,288,2,416,718,458,562
594,694,390,357,888,533,403,553,156,479,29
639,941,829,924,208,153,297,470,31,245,83,744,550,411
830,341,293,980,926,839,156,656,836,974,463,440,889,471,722,70,617,742,75,901
790,861,639,658,865,638,179,18,194,254,1000
987,823,56,190,984,457,41,107,62,572,551,697,499,343,952,295,936,496,427,524,736,405,374,715,876,617,619
288,211,919,793
251,786,990,39,604
686,783,115,179,270,34,274,168,736,452,174,41,32,358,267,706
989,783,753,223,302,699,179,868,486,857,16,859,997,181,993,456,106,585,81,238,100,690
513,506,359,837,398,285,61,437,461,589,741
59,776,112,508,684,660,867,767,983,531,929,530,691,525,256,50,527
806,571,39,285,745,532,245,555,516,130,959,506,48,594,832,224,818,932,933,758,279,470,472,186,52
220,657,675,771,596,787,227,962,632,189,118,350,192,181,107,627,556,549,591
261,760,214,762,914,474,371,1,541,543,5,232,703,583,555,254,880,692
596,329,323,499,478,910,937,679,153,162,745,523,183,877,377,614,62,421,448,50
427,59,510,865,301,875,344,679
250,263,113,226,953,197,758,435,364,431,30,565,245,82,613,572,702,248
594,753,216,149,797,177,15,191,924,346,435,445,162,375,908,534,480,614,254,84,265,628,424
687,596,45,785,957,931,839,630,284,283,995,396,629,564
522,20,899,798,74,12
144,987,210,776,863,17,18,778,502,192,460,436,464,286,415,287,535,109,557,62,604,89
353,683,649,928,757
728,719,864,670,662,449
262,338,390,803,148,216,332,798,196,632,380,640,118,378,440,369,458,990,31,722,64,894,414
48,676,814,890,685,308,485,388,4,723,259,562,75
979,327,787,762,633,22,946,961,170,747,375,456,9,253,88
864,281,486,663,821,513,42,108,419,83,438,122,124,371,305,373,161,429,545,714,51,53,590,730,732
464,299,315,15,498,974
388,998,653,335
754,221,689,955,851,635,774,280,190,630,491,610,369,186,565,403,268,871,872,690
115,133,570,697,177,985,912,28,37,3,729,182,701,905
748,222,92,586,336
842,570,800,869,191,118,11,282,198,575,554,537,102,413,84,882,48,501,309,27,717,716,470,441,406,231,892,871
920,339,766,981,362,119,531,287,431,534,430,243,87,776,476,475,273,491,2,447,356,468,714,88
646,183
989,638,684,956,196,960,477,162,452,185,443,884,258,233,733
203,117,560,890,329,956,450,937,12,43,713,702,268,895
669,682,786,803,635,761,963,767,292,679,364,150,298,722,681
831,803,476,326,207,997,151,875,53,710,617,256,141
127,890,638,636,788,46,371,382,859,497,275,748,534,558,258,515,882
152,319,32,308,254,165,311,500
512,770,182,393,57,856,159,663,129,267,166
125,250,132,222,571,685,176,2,416,355,287,452,184,723,703,547,701,702,81,236,742
825,339,784,865,281,661,867,485,190,193,20,623,459,87,413,706,658,815,93,758,26,859,460,718,569,585,234,872,1000,238
824,263,260,310,821,334,606,536,87,202,754,976,658,205,226,932,933,855,343,973,500,30,612,396,421,140,73,562,142
48,865,750,225,788,684,486,274,460,276,524,355,109,184,809,52,626,554,606,439,605,561,247
391,988,316,213,137,35,341,313,191,37,21,996,286,405,102,84,515
117,657,854,635,201,684,18,373,450,13,27,836,154,716,363,466,918,472,89
735,96,4,559,169,970,650,500
677,695,784,394,581,195,187,312,663,475,13,310,461,948,340,367,565,557,874,131,528,265,141
723,254,880,450,756
678,93,200,124,188,798,499,176,454,704,572,624,248,411
830,920,841,676,599,216,652,858,343,796,795,285,834,544,109,887,573,423,140,553,266,75,706
45,439
112,136,756
213,648,649,332,314,484,431,538,267,604,506,294,474,855,23,295,935,521,278,298,738,340,259,897,75,593
114,59,828,968,649,982,119,623,410,609,627,573,577,812,327,816,957,304,22,90,342,348,479,163,182,467,31,894,872
678,765,774,227,660,179,981,644,502,477,666,167,275,889,72,555,872,253,84,589,425
627
210,138,121,45,788,634,970,347,282,408,287,81
570,90,964,195,384,778,272,795,665,793,351,716,404,108,490,627,103,517,525,235,705,901
161,875
116,689,486,946,197,331,192,457,724,918,608,83,518,267,517,97,144,507,473,305,835,239,299,406,566,561,731,692,564
678,657,251,826,64,590
676,969,328,507,136,35,917,345,362,665,457,993,443,878,539,626,903,403,707,256,732
781,677,250,657,214,381,308,498,845,348,353,288,445,429,447,431,42,199,809,616,99,692,563
98,832,770,68,800,649,963,839,239,43,713,483,546,555,552,708,265
408,393,392,124,620,915
559,730
49,69,865,359,582,83,194,9,347
116,687,783,635,228,36,272,630,462,388,185,186,243,236,579
695,44,946,632,206,282,322,510,569,6,533,480,31,887,898,895
920,988,36,644,662,484,311,984,667,513,150,363,389,482,885,80,130,101,676,675,225,323,324,798,476,911,974,791,583,525
860,339,753,428,19,394,166
263,114,987,284,667,531,41,533,704,625,536,84,98,230,462,427,492,32,358,186,548,691,423,897,88
659,754,506,646,673,827,642,798,868,934,778,313,380,735,435,365,198,51,120,81,872
126,263,300,133,865,111,856,280,310,665,630,170,416,277,388,185,723,400
211,263,760,863,136,800,801,281,963,662,848,960,984,452,481,819,576,693,123,227,343,28,546,396,872,88,901
772,66,112,206,656,735,353,287,621,385,609,614
287,386,136,213,214,37
275,162,310
988,688,762,643,963,849,331,311,984,282,454,700,919,385,517,579,61,694,128,931,953,372,308,409,375,396,565
126,765,509,864,672,930,956,946,925,13,530,542,297,231,701,449,579,248,253,564
668,212,750,19,931,940,314,380,937,794,640,427,790,711,422,412
863,304,800,194,839,767,972,502,641,717,365,447,42,441,490,64,62,1000,100,564
221,163,434,301,123,442,36,871,309,553
766,139,136,685,945,33,366,746,387,889,558,419,555,517,578,503,698,855,632,542,429,470,403,615,730,424
212,976,338,596,802,240,761,136,22,644,362,165,462,445,429,199,714,472,4,65,903,887,253
262,843,764,689,969,785,219,331,218,310,154,488,287,244,80,743,514,67,221,695,752,504,916,326,857,5,469,399
854,703,187,549,707,255
491,125,171,110,684,317,660,903,362,757
805,315,381,953,779,331,344,888,458,80,526,733
216,966,789,33,513,600,451,745,109,721,537,242,391,753,955,855,972,610,467,545,401,566,616,399
740,875,101
687,610,441,216,945,873
211,784,650,792,564
822,752,771,955,968,816,751,817,91,636,652,928,970,272,756,175,398,104,526,238,732,551
143,772,805,261,329,950,797,640,836,168,996,463,457,32,173,903,710,705,264
79,976,954,914,341,916,177,994,415,992,236,871,591,247,264
861,806,783,59,284,725,519,555,536,87,883,770,978,200,996,994,542,440,739,357,359,231,891,568,255
754,435,805,840,724,532,615,450
145,133,147,957,697,633,179,951,962,866,656,836,154,735,182,434,467,749,64,268,549,590,870
861,989,784,330,197,176,337,489,286,102,517,61,202,830,773,560,596,932,971,189,26,717,736,51,615,568,563
842,390,852,966,92,981,924,38,360,161,153,995,258,397,537,554,449,413,256
993,301,671,269,578,249,209
241,945,22,293,177,604,836,238
600,804,371,70,796,266,309,629
48,112,328,951,796,321,444,366,601,434,726,468,627,722,903,269,999
338,786,136,649,767,288,364,150,602,977,504,121,699,581,838,837,938,929,30,404,711,9,690,141
126,146,596,683,92,124,317,931,306,944,155,3,20,80,624,88,412,896
433,995,133,301,358,740,702,588,551,641
580,44,90,270,330,191,284,347,38,273,29,416,415,713,909,918,266,705
212,765,646,968,789,644,380,436,728,131,266,595,597,69,302,674,201,23,916,296,25,479,791,541,359,185,299,616
122,583,917
811,800,818,697,642,290,847,206,27,409,491,378,623,876,704,420
969,371,373,206,156,984,679,997,908,374,442,904,574,518,892
806,252,240,19,930,956,306,951,915,933,229,312,795,492,181,451,278,878,401,64,9,578,881
275,93,19,932,704
774,245,397,527
696,770,864,316,111,169,187,484,157,334,28,845,521,512,728,889,108,876,54,515
49
987,138,301,967,123,787,827,932,633,314,833,208,922,427,716,512,681,73
763,117,571,785,966,214,362,727,175,532,620,885,518,145,205,774,229,296,344,10,405,185,442,468,443,257,615,525
116,687,686,988,828,112,314,925,331,847,601,269,603,883,509,777,672,229,839,653,975,273,276,713,583,547,670,692,588,527
415,993,663,14,489,100
959,785,285,983,913,531,152,993,359,430,173,105,403,591
978,840,817,868,25,767,322,432,715,52,518,591
958,506,241,179,219,837,156,836,530,429,703,257,591
117,338,890,138,867,289,417,153,879,584,9,248,733,237,551
966,213,801,495,640,975,355,875,421,906,84,628
520
486,36,192,748,152,3,735,492,199,993,107,385,557,8,84,593
210,803,697,394,837,652,330,952,847,285,794,244,105,547,398,526,605,551
830,763,594,115,828,854,303,341,634,866,336,291,512,30,458,878,406,809,567,819,605,526,708
212,676,260,115,224,698,331,848,542,355,556,140,731
748,694,127,455,853,862,944,887,461
988,867,848,845,531,729,414,439,99,595,145,771,393,774,652,371,934,935,796,26,444,997,277,470,529,585,233,402,420
135,597,147,982,383,768,348,389,878,53,578,265,741
170,409,830,997,686,508,952,870
134,694,813,693,787,507,214,931,312,513,289,899,354,918,385,903,720,518,744,591,255,706
765,179,980,13,119,170,363,519,959,694,391,675,223,777,46,636,932,476,26,975,28,938,500,497,492,180,612,396,690,901
764,312,331,483,556,627,742,959,754,223,94,92,124,697,189,794,292,654,712,404,548,710,526,1000
976,657,151,688,622,894,449,76
687,648,384,748,436,42,83,267,515,49,390,328,394,371,839,834,500,273,522,378,737,545,423,253
929,436,252,452,77,302,55,923,974
444,418,349,127,987,287,661,295,346
669,807,675,957,863,774,306,953,177,970,415,278,533,715,407,546,538,743,266,629
349,251,373,691,235,589
713,443,838,572,518,13,844
861,263,315,197,866,845,947,170,436,432,740,830,144,979,850,658,301,631,350,836,654,792,162,359,120,402,140
828,318,241,136,927,381,33,176,663,310,921,365,451,452,578,741,830,582,853,501,859,756,836,939,209,322,427,809,526,76
840,483,387,41,935,640
977,48,147,303,293,331,292,500,355,724,556,906,901
811,68,753,954,829,965,361,924,311,939,416,907,31,472,615,236
262,135,111,789,15,986,283,170,42,419,696,228,499,270,326,273,718,182,523,297,405,356,546,140,617
133,115,319,942,33,171,727,888,608,819,439,780,252,658,128,393,972,292,734,428,565,897,526,142,76
830,600,180,770,210,240,110,469,892,820,602
989,764,114,658,840,865,319,56,47,945,343,849,662,450,498,81,102,579
531,429,145,470,725,107,312,577,255
145,639,942,314,188,633,23,486,129,334,283,118,416,164,482,441,621,872,87,101
811,59,45,392,122,854,697,195,932,229,923,334,894,268
861,212,115,968,685,177,382,640,482,173,539,780,144,694,658,394,798,936,972,937,165,168,404,184,32,520,400,9,895,564
807,825,689,77,967,137,39,769,845,556,880,708,61,883,675,956,305,371,272,911,165,168,879,468,710,449,424
659,521,842,805,393,829
365,204,339,19,775,124,18,315,868,847
220,673,931,837,946,778,336,350,12,922,427,21,734,20,994,511,510,198,160,624,73
240,216,685,965,684,982,849,334,192,435,418,150,727,439,578,579,221,48,582,837,345,167,239,163,164,4,397,733
454,728,712,46,878,627,553,497
250,391,69,223,302,869,934,916,632,158,495,320,810,462,427,416,199,700,611,249,253,424
220,199,359,609,293,398,484
211,988,35,943,218,844,170,454,43,700,919,62,573,518,99,604,505,300,394,229,270,26,937,309,794,836,975,610,468
49,686,814,674,649,293,655,758,118,574,528,901
278,297,432,305,71,710,587,872,793,351,641
453,366,181,82,383,131,235,528,412
134
