462,829,481,332,315,947,895
225,647,816,294,652,662,645,716,446,544,992,919,903,711,101,577
861,841,675,329,395,761,636,228,293,229,312,191,274,426,997,286,745,184,42,481,574,902
483,855
824,569,175,877,16,881,656,320,192,577
831,969,580,967,789,652,333,290,309,334,431,559,627,625,448,61,602
678,2,829,22,868,903,308,268,972,883
353,239,250,746,622,930,490,22,178,981
220,17,333,797,986,833,283,409,432,368,103,555,707,629,265
805,390,323,740,370,178,923,336,320
512,300,455,442,227,400,839,910,986,975,792
66,390,815,201,39,13,936,165,913,119,365,10,429,151,185,245,538,819,880,235,75
638,372
888,139,326,63,131,692,743
694,831,785,197,295,361,630,320,321,1,404,31,702,99,619
392,317,869,306,169,166,601,408,42,455,878,264
338,967,761,956,801,18,748,436,727,480,249,253,576
600,222,988,464,327,546,614,60,525,769
427,976,812,752,110,376,179,83,980,50
262,211,314,383,768,238,984
126,182,155
473,549,944
770,305,706
764,803,281,17,903,269,925,478,579,591
339,699,149,214,307,857,748,427,375,482,889,901
66,224,762,642,36,767,272,207,464,727,736,198,878,253
861,843,211,202,250,96,260,814,124,383,799,158,361,939,717,431,172,367,893,562,881,628
959,20,126,814,82,604,208,732
676,786,942,44,636,928,925,623,888,885,80,140,515
863,177,16,320,271,654,353,408,451,286,0,402,901
161,352,941,738,5,740,294,39,821
843,932,499,104,326,438

977,773,300,822,261,115,854,230,214,36,270,917,859,996,601,363,700,377,904,131

202,773,942,940,24,166,709,735,523,340,385,567,615
509
600,841,122,332,633,914,663,191
125,127,339,969,771,228,229,308,916,796,656,207,600,174,888,712,376,4,568,628
211,504,751,966,697,914,370,38,948,365,607,517
850,318,111,868,23,962,325,382,192,462,417,482,243
199,294,33,874,579,282
464
210,646,838,325,362,171,446,995,376,545,681,555,86
822,745,713,241,407,532,723,868,422
115,570,219,177,196,725,42,172,721,606,516,68,776,851,329,817,47,933,916,975,737,186,891,256
840,580,868,653

117,784,675,955,660,476,326,450,351,479,569,611,808,608,625,238
202,717,463,746,661,644,9,911,190,588,37
687,117,832,753,674,633,982,17,866,13,119,531,378,482,468,185,749,107,532,234,561,780
791,96,466,44,800,214,904,819,948
976,66,840,240,674,966,789,18,157,190,947,463,431,481,243
946,916,348
212,841,777,581,394,383,980,630,362,11,417,737,428,172,41,919,367,740,584,607
522,601,966,90,839,949,578,413,255
725,760,92,37
807,392,697,341,323,310,836,180,724,105,613,881,527
170,600,251,822,753,367,808,71,100,38

522,719,596,388,301,216,42,17,943,568,769
52,177,960,254
864,761,91,487,499,946,934,936,450,271,488,348,415,43,174,621,51,625,81,710,564
302,499,810
3,717,222,59,558,306,86,937,975,592,666
145,655
763,899,712,173,39,292
359,724
800,787,56,932,159,839,271,735,417,434,174,297,483,374,533,386,529,606,268,254,998
772,776,139,930,188,487,228,855,371,25,290,960,165,492,20,374,548,625,607,425,237
261,223,675,766,93,317,194,33,756,209,544,725,4,376,884,584,680,537,265,514
117,58,777,64,605,757
804,639,338,596,147,682,200,946,325,779,14,380,666,347,790,734,1,728,780,902,88
446,670,933,420,632,562,142
262,211,97,639,132,205,122,851,854,671,33,37,282,387,621,574,74
353,454,150,300,967,377,430,587,61,238
275,751
117,825,752,210,223,750,329,788,229,858,372,821,735,2,286,354,452,457,565,8,588,527,896
841,148,241,92,684,940,371,343,849,664,321,810,511,727,543,109,441,884,548,83,873,247,564
211,824,261,890,241,682,826,486,970,310,27,276,464,569,406,548,65,900,515,901,438
125,97,783,987,797,334,512,737,458,585,536,902
427,781,694,222,597,761,614,630
765,299,801,853,65
864,699,876
806,117,127,128,637,571,698,635,982,18,305,177,285,756,155,119,737,614,568,242,731,235
534,294,858,290
755,823,17,270,645,290,972,168,792,351,435,735,728,746,524,70,720,63,552,99
791,235
161,958,694,94,611,456,838,691,264
463,318,112,570,647,699,219,702,911,411,948
840,682,195,661,922,747,600,886,131,517,508,797,478,937,463,542,569,404,470,714,904,231,897,591
115,224,318,854,982,35,381,846,362,37,12,161,454,171,436,182,535,908,432,406,706
843,783,750,682,672,497,729,416,719,433,610,526
824,93,91,940,22,129,271,666,983,353,162,446,0,458,299,419,258,819,259,731,76
580
764,822,658,509,92,46,671,569,245,547,399,87,438
659,144,689,115,94,384,950,937,488,335,531,276,389,377,875,232,627,60,412,85,527
97,764,250,815,760,826,761,788,280,344,462,20,433,9,549,402,536,437
728,0,441,862,295,515,983
735,161,686,375,148,468,545,894,961,911,142
125,250,392,301,507,187,373,409,494,65,873,254,730
696,204,693,121,91,487,926,320,498,436,746,287,736,363,465,738,108,892
252,317,55,950,848,166,833,309,922,152,462,994,440,374,722,536,517,550
657,851,648,394,914,305,343,288,366,287,622,877,627,567,624,731,266,998,550,706
696,343,9,572,311,515
530,594,69,993,863,324,910,665,921,667,577
674,854,303,884,592
825,988,832,504,345,737,542,464,172,539,526,872,895,741
843,458,401,39,284

125,686,689,94,224,324,847,768,746,877,242,73,424
830,976,580,240,19,799,652,849,309,287,457,82,87
48,352,571,295,307,880
143,391,252,205,827,801,306,159,272,360,351,435,161,355,458,441
281,24,656,275,365,458,520,548,613,605,254,247
77,864,930,91,508,306,910,272,768,11,492,369,548,575,526,587,449,100,742,603
116,818,827,789,964,370,944,272,792,727,569,467,886,267
977,695,831,761,46,869,305,666,521,375,993,715,377,722,120,81,744
755,751,392,195,849,632,477,640,479,154,12,735,457,458,386,231,76
506,695,782,77,93,328,827,111,342,748,433,726,199,621,537,234,61
302,598,581,757,497,929,389,623,374,468,385,566,744,439,591,247
811,542,261,252,816,520,479
162,260,42,817,47,532,740,474,857,553,984
569,107,22,496,73,846
687,920,983,735,997,164,108,621,232,249,267,706
824,638,113,800,762,866,709,335,641,379,415,447,440,739,738,714,358,583,65,83,265,411
252,642,897,578,835
860,145,689,673,507,124,946,296,310,758,362,653,416,355,457,721,584,421,567,607,591,895
694,222,826,671,219,178,653,444,1,10,569,32
830,696,146,44,789,856,280,847,284,513,288,20,184,470,455,469,574,586,259,590,449,603,619
824,97,782,920,205,802,507,762,383,855,709,14,947,274,974,446,745,467,442,53,707,708,237
843,10,42,456,497,602
687,389,173
184,826,62
98,755,850,114,121,816,789,855,381,501,118,20,162,378,542,712,877,548,244,702,606
262,959,263,59,328,44,332,474,914,159,797,779,382,949,290,947,451,63,423
832,148,698,33,847,38,723,884,583,549,414,705
116,812,594,133,865,323,23,291,181,404,723,720,421,249

785,215,580,598,570,226,827,789,342,325,307,345,922,434,520,160,70,886,80,536,691,593
117,988,45,582,91,838,306,177,325,196,34,345,320,513,491,463,368,358,611,430,249,266,895
251,139,314
659,541,136,711,217,311
674,41
595,202,850,95,147,941,93,854,697,645,650,937,38,835,531,418,444,239,552,236
117,114,658,225,200,304,395,915,463,992,6,232,607

134,673,44,863,129,309,27,666,154,471,627,591,553
417,78,354,174,534,359,280,645,847,592,348
221,77,815,393,319,980,834,206,833,747,929,180,416,363,726,387,441,359,548,566,808,891,420
781,594,689,261,318,241,395,761,306,195,423,131
647,761,228,970,382,709,21,163,198,919,70,398,249
754,977,832,138,683,15,921,719,737,612,359,52,233
251,693,723,61
66,674,829,816,672,774,838,631,476,334,489,810,174,387,877,185,537,518,892,73,253,563,706
133,138,580,869,315,643,486,833,27,716,524,611,232
743
71
220,920,47,957,213,789,332,370,915,916,325,935,961,937,30,70,421,874,256,75
843,504,648,111,914,925,290,460,335,282,522,746,404,40,547,8,883
222,348
958,783,68,328,648,169,176,208,444,150,278,610,8,266,550,84
992,934,272,191,336,236,665,168,321
860,78,979,776,930,868,944,477,350,167,182,623,299,897,516,87,246,602
560,122,672,179,478,271,748,540,153,523,7,467,387,532,902
288,750,817,854,581,707,938
48,799,323,336,591
390,978,817,227,927,35,18,409,457,610,375,174,385,627,575,554,515
221,920,689,503,676,395,394,371,485,330,373,821,292,836,167,458,749,233
659,988,571,684,372,944,13,320,156,209,360,282,790,364,543,567,998
838,591
805,646,750,800,188,917,779,653,172,401,231,901
501
841,674,395,582,826,863,194,866,656,461,938,748,389,749,64,903,873,819,528,256
693,279,227,799,280,568,655,285,208,654
531,144,745,301,839,361
427,355,59,393,333,27,74,742
958,623,39,140,655
211,811,571,121,598,19,329,201,964,709,654,354,888,30,726,185,376,701,422,449,142
134,126,338,342,798,312,796,361,337,274,350,913,427,408,894,103,414,593
686,954,956,927,332,849,8,285,346,193,89
462,378,271,912
504,383,18,305,177,484,952,666,28,378,385,529,72,414,266,515,246,883,237
904,980,254,972
366,44,570,213,25,26
781,805,766,225,950,793,913,119,21,997,718,440,470,520,401,249,617,527
467,609,911
21,716,791,753,648,35,397,439,551
977,125,216,838,294,341,867,218,475,984,790,511,42,553,603,593,85,706
211,784,864,957,123,178,662,934,462,442,83,397,234,607
275,289,114,388,854,111,950,484
675,509,458,942,398
364,105,935,833
842,695,210,637,225,697,332,315,307,834,794,168,530,539,894,629,733
862
781,96,688,136,394,370,932,342,371,158,972,11,835,409,544,356,612,5,620,894,104,120
594,59,816,661,295,478,501,118,460,351,418,747,408,10,623,369,340,710,99,141
976,751,582,195,309,167,171,600,523,258,707,733
92,651,857
66,616,344,952,156,74
764,812,506,852,178,36,963,778,650,11,119,416,622,715,567,730,515,733
390,598,933,797,30,740,82,885,269,892,254,238,619
772,117,390,57,56,649,951,928,178,451,446,622,468,715,367,238
446,629
492,504,818,245,578,207,525
138,685,137,324,372,500
349,143,505,957,228,837,867,484,921,531,530,180,492,451,428,726,440,609,80,585,414
462,117,432,5,611,178,18,742,292,500
687,599,955,816,761,46,820,847,334,640,38,492,433,728,441,703,70,579
349,188,487,169,661,980,217,154,790,153,492,120,743,553
300,96,225,671,818,453,379,182,43,712,619,514
755,852,761,685,946,844,679,389,739,62,887,731,449,872,881,603
668,221,646,188,487,194,11
212,596,68,77,852,139,660,341,244
222,862,607,495,938,500
277,482,157,449
959,132,865,638,928,33,797,156,168,409,434,879,919,108,103,60,88
125,978,638,635,685,296,911,757,810,541,182,109,65,590,553
155
144,10,712,178,836
832,583,231,911,155
173,875,624,60,870,348,438
989,560,784,302,802,751,281,177,849,663,709,641,366,996,542,406,65,448
754,816,47,91,291
210,185,788,660,537,372,259,292,273
783,204,91,633,381,632,295,450,654,522,493,0,875,809,711,567,86,526
240,301,241,673,648,957,314,651,950,662,33,362,292,792,540,378,558,559,62,269,265
69,503,776,302,93,855,39,478,193,522,994,359,627,898,438,732
418,513,814,0,330,847,449,525,360
68,327,907,481,179,384,887,563,984,883
754,163,10,78,357,680,778,313,810
860,79,804,56,761,226,775,633,644,177,970,866,277,164,185,386,367,740

828,200,47,179,660,476,645,795,821,445,879,242,414,743,998,690

202,979,328,214,313,326,758,501,936,496,641,363,520,809,538,576
331
135,138,319,305,934,189,844,929,492,994,434,405,377,565,704,399,101,514
676,225,499,315,177,485,972,273,463,434,407,4,891,553
134,861,686,251,78,114,210,829,19,964,191,39,311,12,153,626,105,71,459,259,253,438,619
678,211,115,711,381,34,758,422,985,498,619
48,323,555,883
668,221,417,429,416,752,888,121,570,893
678,958,693,688,147,786,16,525,118,705,76
694,753,954,296,166,13,29,389,359,480,613,414,705,883,870
748,136,108
174,225,624,936,690
599,110,149,473,159,944,924,350,488,38,667,21,407,249,255
126,770,391,941,327,751,316,671,371,916,360,427,409,451,467,904,556,62,604,901
146,995,392,788,884,486,568,744,253
988,709,254
752,339,261,138,93,508,306,651,194,849,177,717,929,446,340,626,53,562
134,958,920,138,945,951,960,983,460,717,535,368,885,550,896
202,750,864,200,853,856,983,276,521,452,0,724,359,173,410,459,701,130
610,775,487,519,80,709,345
920,79,976,752,393,637,149,226,914,938,531,445,510,620,918,396,247,514,999
751
202,765,114,831,675,815,571,484,767,502,494,520,131,256,424
969,646,685,187,846,283,155,463,997,542,446,456,401,537,742
582,303,487,34,479,540,512,286,621,385,459,616,63,236,731,619
771,91,581,55,970,709,12,161,379,899,6,585,256
134,865,955,637,44,241,649,853,855,486,867,858,630,495,498,975,845,21,275,997,8,439
677,121,36,313,810,1,703,244,552,266,562,588,708,604,515
436,263,784,304,107,903,448
462,987,840,41,566
492,429,210,113,875,83,234,26,731,835
220,203,752,332,630,118,948,757,492,919,909,545,886,103,402
115,802,342,916,382,936,834,859,350,180,363,422,730,562
993,534,370,17,324,293,157,898,983


674,941,419,876,946,616,259,606,423,881,619
814,128,224,230,767,495,350,321,513,3,429,455,172,62,605
204,657,128,786,508,124,767,666,948,993,877,548,904,257,403,515,895,84
747,172,87,793
318,907,241,430
524,78,713,213,932,217,336,603
49,427,431,387,714,661,529,868,974
124,385,703
969,599,890,945,799,980,288,717,736,164,406,64,105,8,536,527
781,812,205,509,25,196,310,846,273,1,416,434,7,199,520,401,410,105,731,517
597,978,122,367,257,933,923
595,506,865,788,951,311,479,348,153,10,184,723,557,425
850,841,968,955,799,952,935,39,290,345,937,2,510,367,236
492,416,197,498

220,221,978,682,139,651,33,489,274,291,180,364,483,419,749,358,231,439,604
79,865,507,304,855,217,16,334,667,359,714,402
830,806,987,661,950,373,632,795,275,995,431,404,41,681,72,101,527
969,750,682,916,630,717,512,162,277,175,622,480,368,556,572,140,253,422,708,742
597,673,760,61,237,85
682,92,201,684,856,473,643,331,365,463,464,433,995,575
522,135,773,147,404,532,195,704,555,307
365,417,888,558,660,643,120,247
513,328,472,370,450,274,247
147,967,603
812,260,978,473,217,189,336,501,272,274,418,542,163,493,995,712,31,532,875
962
959,67,638,226,762,371,18,662,34,767,26,937,0,297,367,259,233,267,423,730
764,78,559,341,403,680,63,25,692
668,669,770,636,581,932,187,34,190,520,990,257,536,402,140,235
59,509,229,33,913,790,3,275,164,7,340,377,584,403,880,256
204,988,750,393,637,241,139,854,23,915,839,196,935,655,985,759,792,462,2,738,714,894,256
804,784,138,57,685,486,868,924,334,245,557,551,958,93,636,499,296,953,189,445,375,421,402,142
672,257,973
595,464,520,315,421,190,528,592
3,415,856,661,178,16,897,100
968,646,647,851,818,487,834,152,151,715,871,872
506,669,804,560,948,379,366,288,899,440,432,175,724,627,547,459,585,402,744
682,826,485,197,848,666,385,881,830,659,694,390,636,323,344,290,495,911,477,208,409,164,906,234
112,227,24
752,774,367,4,258,90,701,554,820,101,732
143,772,117,390,504,392,485,129,794,810,494,543
806,221,19,201,330,310,502,768,462,729,442,722,744,552,87,579,998,732
832,404,377,838,236
861,753,599,931,169,23,307,288,418,161,162,791,358,548,519,103,897,517,617,437,76
77,113,195,797,282,365,994,455,107,893,103,874,691,733
393,682,19,229,839,924,768,274,334,418,277,357,566,572,744,424
132,675,318,395,329,316,671,799,487,217,218,192,427,446,150,428,894,626,411
145,94,785,301,779,218,709,938,38,948,348,289,463,30,466,534,419,74,76,264
689,302,194
417,92,156,999
426,989,745,712,368,809,933
453,401,187,880,664,11,845,141

659,444,239,416,432,113,749,159,361,562,666
861,96,252,216,928,486,661,933,858,971,165,821,996,434,120,398,88,141
594,44,206,666,119,462,523,359,231,567,242,249,743,579,61,741
811,692
263,842,97,675,393,194,18,177,836,276,524,725,109,385,160,400,104,81,707,100,238
694,201,914,15,207,477,569,726,534,107,585,607
126,979,988,59,194,187,795,444,426,734,433,590,256,76
250
860,957,566,868,104
977,506,988,785,571,778,767,960,461,335,38,810,791,408,10,416,541,198,622,555,413
386,624
781,143,220,126,327,955,968,635,91,303,476,756,542,0,387,626
288,635
3,829,715,557
122,57,419,809,296,796,39,872
220,134,262,135,96,941,319,328,648,925,270,866,758,183,584,421,586
365,639,956,749,370,381,778,711,54,285
783,815,945,932,305,858,849,970,663,759,292,37,154,353,416,374,904,529,249,238
467,800,931,508,8,264
978,59,596,777,317,230,932,651,188,343,952,650,129,272,845,460,734,723,401,670,616,420,588
212,855,372,321,735,239,20,378,429,389,539,64,905,256
349,958,777,55,625,296,326,284,593,641,264
957,932,946,333,311,21,521,153,364,482,407,670,72,247

116,657,813,261,115,815,216,219,371,18,382,12,38,453,355,183,405,993,184,886,62,554,259
134,455,565,312,960,37,706

512,506,198,931
811,145,300,979,675,392,981,644,640,653,737,40,573,590
642,591
811,202,598,671,201,797,522,889,458,160,574,105,886,459
686,638,965,788,486,325,176,379,161,557,9,265,50
212,634,974
126,968,301,982,981,962,778,650,336,309,165,947,790,426,542,728,298,615,744,101
507,106,400,769,974
49,221,773,978,941,570,829,370,964,640,352,899,278,32,106,613,681
669,132,222,814,94,507,17,799,912,107,62,102,743
764,969,187,492,729,239,524,468,242,266,101,438
506,682,507,280,315,866,496,929,888,441,368,703,906,886,615,551,577
784,688,631,295,645,961,290,846,541,725,199,990,51,704,874,50

824,806,97,647,225,188,961,847,273,667,360,170,600,354,375,739,481,680,8,235,422
135,213,940,257
427,20,842,126,107,487,945,54,439
678,953,381,496,921,479,844,152,451,175,612,490,722,244,616
144,755,492,890,569,919,918,906,960,743,901
339,823,318,393,304,817,698,924,165,311,497,844,454,151,354,368,186,81,590,730,550
299,254,939,913
251,814,933,176,820,793,155,716,523,198,369,471,548,875,519,75
764,96,354,224,149,92,376,909,905,37
49,505,69,394,473,645,344,285,360,0,726,712,397,83,549,402,568,264,870,593
220,127,146,978,688,750,57,581,315,709,522,275,512,171,737,749,430,572
395,539,370,473,634,536,911
262,850,803,954,826,982,934,944,14,734,10,622,358,472,65,891,236,902,896
116,668,811,250,114,675,865,856,927,281,312,381,645,821,416,428,198,483,298,621,422
843,260,560,94,200,660,925,936,974,180,542,700,712,376,886,710,63,730,564
861,114,115,827,862,868,961,336,768,38,432,173,268,48,250,658,635,672,992,471,442,520,73,562
843,117,658,225,15,307,161,364,680,99,449,577,255
216,581,964,873,707,705,901
969,41,914,324,547,290,360
977,864,648,137,837,450,974,729,364,493,992,702,707,87
754,163,700,714,270,218,501,100

763,96,688,224,319,932,943,373,501,495,274,713,175,172,703,103,423,587

181
349,782,115,674,966,940,370,344,769,640,28,321,757,522,276,718,386,299,548,104,891,420,593
807,770,223,805,828,333,373,176,984,378,415,389,700,109,385,895
211,544,618
681
929,205,951,341,120,484,710,905,900
144,503,771,128,852,495,938,912,542,808,536,681,592,732,237
66,225,816,826,627,933,858,166
811,97,263,391,852,699,787,188,868,634,292,975,418,288,996,447,173,396,884,104,691,900
66,115,133,147,599,224,648,633,296,485,475,653,447,471,545,410,565,120,552,901
183,375,682,402,847,347,497
976,153,429,77,930,370,799,362,238
67,260,987,968,45,646,816,636,26,38,835,173,584,54,604,50,527
772,791,657,689,822,674,148,714,207,11,85
95,776,851,777,508,789,23,971,330,952,793,734,182,541,297,483,173,574,266,256
394,22
505,731,563
783,115,136,761,662,848,118,154,748,198,431,723,722,101,100,265,94,851,342,939,929,445,446,893
687,524,596,393,316,186,536,254,501
540,126,788,965,282
379,377,179,169,293,547,217,425
463,752,992,661,308,485
601
843,840,766,828,316,487,361,844,459,882,754,504,771,699,47,90,634,950,476,834,163,182,808,591
595,657,765,241,328,761,964,35,188,371,33,748,472,918,573,897,603,602
353,78,77,991,55,499,296,846,322
639,840,123,644,16,912,168,335,409,428,546,990,443,403,711,887,518,233
116,594,648,195,642,496,190,667,996,513,929,277,718,621,878,9,234,140
807,56,386,965,64,459,898,666
560,147,673,697,709,893,880,414,439,515,742,690
289,429
965,323,614,257,63,439
349,261,697,314,933,645,938,992,457,909,526,705,528,742,883
275,542,851,185,172,526,413
117,850,753,507,394,477,118,791,464,428,546,81,449,264
299
135,773,657,814,121,682,645,859,601,359,533,131,449
426,842,289,452,174,993,552,412,667,706
888,45,582,991,194,63,158,326,131,552,654
851,787,304,648,314,499,333,847,274,350,181,43,726,715,107,532,608,266,253,592,870
804,90,373,165,756,835,500,239,511,559,403,99,881,733
657,864,225,648,635,957,368,894,337,118,50
134,840,966,219,341,312,934,26,284,436,180,378,471,376,557,906,420,249,619,85
754
811,812,428,571,234,857,425,351
686,753,339,122,524,610,457,908,298,432,186,904,529,721,624
505,804,816,956,866,939,757,181,494,356,4,720,75
969,815,775,342,384,270,974,522,878,400,615,423,550,999
996,262,955,775,397,962,934,81,425,488
98,825,725,40,218,857,897,450,479
62,33
391,133,787,91,219,651,337,666,769,10,443,721,711,819,140
832,465,680,650,880,118
67,842,695,122,148,942,930,316,306,383,484,986,641,875,120,744,561,517,898,883
97,669,751,697,932,633,273,667,162,888,441,299,456,548,701,72,63,872,516
121,672,394,228,323,914,280,15,709,489,38,29,465,529,885,104,414,900
98,261,19,826,643,313,960,337,192,0,174,387,620,401,236,587,733,883
434,210,828,854,474,332,499,50,896
689,850,760,228,632

842,457,634,325
977,669,965,14,348
659,850,869,344,664,37,500,21,748,724,538,74

162,78,770,218,336,880,118
995,151,801,892
126,966,970,118,747,729,151,43,108,185,130,525
262,772,638,635,854,46,956,384,855,177,665,14,321,181,357,713,467,406,469,566,590,101,264
832,261,225,673,316,838,312,936,156,208,292,357,627,873,9,743,75,998,424,706
668,127,241,581,333,372,296,272,500,974,351,717,363,543,376,720,900,576,619
751,685,188,342,663,118,489,288,569,610,565,722
996,451,771,648,931,587,692,362,589,527
435,505,483,894,891,24,344,653
668,225,319,863,684,486,344,475,408,181,736,539,397,103,573,731,130,901
659,899,744,166,360
669,651,538,948
444,79,144,688,801,691,859
59,240,966,317,651,796,926,641,429,431,400,83,54
852,863,177,361,630,521,442,903,557,680,86,898,628
800,855,229,664,27,717,30,714,572,585,898,563,89
49,203,145,850,77,112,304,826,799,932,345,937,924,0,620,490,585,420,235,589
98
824,804,672,219,793,208,347,748,355,357,369,738,458,887,710,101,413
990,931,625,572,949,528,901
97,771,866,501,655,320,502,835,275,464,443,396,892,901,237
126,145,988,94,698,761,966,856,370,187,667,521,357,297,7,990,565,744,732
134,805,941,93,954,110,329,801,649,833,912,209,667,919,918,104,233,516,248,437,882,424
203,646,750,241,213,697,869,342,229,24,631,728,431,387,583,538,873,423,896
806,287,596,223,434,299,620,187,529,156,348
133,93,751,230,940,486,476,189,271,274,335,462,433,357,623,712,481,918,8,586,63,249
134,958,804,77,112,393,305,916,326,952,709,461,351,273,745,298
668,920,850,95,504,966,508,756,30,715,612,5,490,568,425
597,260,814,865,674,329,981,274,757,278,736,726,457,535,60
134,764,57,5,862,662,631,911,895,351,577
211,126,112,816,333,981,631,717,530,10,559,896
686,979,786,854,859,996,170,717,389,879,441,184,467,715,990,299,490,620,574,106,588,142
791,831,354,174,123,332,323,296,131,75
391,841,814,776,927,499,924,28,947,913,462,286,543,172,724,918,730
687,840,826,552,253
349,300,95,430,606,985,984
7,138,580,467,31,559,649,459,650,347,247
327,580,635
251,252,854,847,37,521,747,511,621,403,561,743,84
440,112,6,671,703,934,616,644,242,266,948
719,661,477
958,145,278,570,864,356,232,809,499,567,902
782,224,341,293,158,161,170,454,745,725,712,369,919,407,724,609,538,516,525
505,957,314,875,324,400,933,626,102,665,27
506,802,159,360
365,673,373,206
202,97,532,982,231,236,912,792
95,942,392,175,406,848,307,552,938,654
67,764,251,338,132,770,831,852,750,941,23,166,767,321,435,287,107,567,691,236,514
69,657,294,15,450,937,321,984,929,583,707,562,742
781,596,968,58,817,800,648,111,394,487,650,129,769,756,512,929,727,900,603,705
806,211,976,689,560,648,582,661,342,839,952,911,283,844,408,363,404,471,809,536,423,61,246
860,658,393,698,636,317,756,729,725,41,714,704,83,573,536,414
825,135,661,791,365,0,183,991,575,680,891,243,615,887,730,732
135,988,149,307,484,373,821,836,427,904,566,615,708
830,978,390,218,857,26,207,810,273,453,929,524,71,573,902
451,138
687,220,203,212,777,323,485,866,193,520,740,711,743,88
713,558,731,423,847,898,119,500
843,212,831,675,571,674,395,839,667,3,409,454,389,888,583,103,399,605,564,237
811,117,59,407
143,755,127,503,582,698,636,36,855,793,679,715,471,40,722,52,101,247,901
929,799,731
784,637,751,854,966,684,188,634,190,335,379,520,559,556,130,604,553,564,255
689,753,215,303,178,159,779,936,640,38,119,167,405,254
686,968,318,582,316,698,326,156,488,275,454,729,455,515,619
599,241,83,883
850,727,776,621,697,232,587
812,363,41,377,201,515
718,535,800,826,46,499,496,361,897,577,593
509,241,819,72,917,939,514,628,667
540,967,950,935,586,912
49,963,23,934,895
754,67,503,316,137,383,858,207,362,282,844,922,492,893,567,439,414,872,437,732
344,871
203,22,982,194,187,778,283,497,418,6,574,257,886,586,254,882,732,527
669,145,205,828,123,281,187,169,661,206,664,794,654,12,500,42,31,617,901,89
444,714
861,850,96,316,200,966,946,295,165,845,948,601,530,747,622,455,108,909,670,439,898
261,823,699,57,123,582,227,17,651,914,925,917,936,309,1,164,298,31,469,472,681,233,902
842,672,485,797,632,218,655,168,29,540,162,734,493,279,457,441,554,555,536,99,249,587,593
659,262,66,377,172,480,229,485,253,167
860,840,240,57,673,649,963,938,275,365,171,277,544,457,174,41,919,103
435,689,693,407,111,808,485,372,897,820,592
49,782,222,77,509,570,201,312,344,478,185,160,419,608,883
861,676,95,785,507,303,230,137,295,290,496,936,847,794,168,844,879,877,490,402,690,741
448,936
716,313,256,209,322

694,465,5,649,294,312,586,414,794,793
766,805,136,762,35,663,362,622,700,534,106,555,413,515,674,230,508,838,718,297,407,399,449,76

764,136,341,837,270,34,361,208,29,355,279,369,722,253
418,300,157,248
812,689,770,776,816,803,148,635,684,952,191,985,984,997,446,151,907,714,231,681,898,619
126,755,250,180,354,771,533,196,475,589

3,713,280,661,549,872
687,841,831,786,201,227,228,36,308,501,119,21,523,995,160,894,547,84,141
125,300,694,115,829,385,633,808,344,577
676,222,146,779,796,310,345,512,40,884,8,705
116,822,332,333,36,949,290,155,793,291,209,453,735,20,153,623,42,539,556,236,591
841,240,646,851,942,303,281,341,651,660,280,307,759,921,350,470,396,626,234,572
977,117,802
832,941,319,644,119,199,441,386,40,556,65,99,60
212,196,589,292
260,865,957,798,485,767,129,937,271,845,844,335,791,364,995,442,368,892,871,901
379,824,878,574
657,689,392,638,581,856,383,951,866,283,497,107,173,903,555,586,423,448,74,741
349,135,841,890,474,487,502,477,522,441,368,620,419,54,8,871,88,237
203,204,988,699,317,169,644,949,986,167,997,621,108,558,62,898
860,79,646,215,957,837,34,285,118,600,990,621,681,743,424
686,59,210,786,966,787,862,332,450,641,365,533,81,99,772,220,958,597,632,795,162,277,903,690
263,78,694,596,599,58,760,854,636,960,478,435,542,64,627,131
125,689,803,787,230,111,768,351,444,436,716,199,918,575,249,881,449,265
677,263,205,826,230,982,932,196,655,118,540,544,405,904,401,106,71,886,561

109,139,33,295,691,27,666
976,783,832,804,642,651,951,187,307,292,488,492,365,446,544,109,468,456,903,517,602
764,215,226,370,25,709,192,277,464,355,447,523,428,388,458,533,529
772,763,226,817,801,660,478,767,630,793,521,364,908,374,399
996,684,631,459
125,843,763,127,688,509,864,673,942,635,869,294,308,157,923,379,511,893,70,420,414,883
772,842,812,676,560,699,672,187,848,198,174,990,480,108,565
506,222,693,33,189,337,283,441,991,538,898,413
600,122,329,775,932,208
595,146,599,57,383,972,640,464,893,565,608,234,102,525
668,977,260,596,94,829,777,201,474,981,331,664,496,791,723,703,613,711,536,242,60
202,920
782,126,988,766,787,818,137,206,161,436,546,884,72,604,563
880
695,825,931,313,975,454,719,888,183,42,401,904,104,140,413,87
147,826
98,221,813,95,570,863,779,189,28,433,387,614,547,236,550,563,742,238

996,263,0,110,330,970,191,142,870
959,78,503,955,123,179,798,33,196,665,972,2,511,428,533,878,722,537,140,101
890,487,972,389,363,199,532,367,613,586,897,422,266
594,976,59,339,851,761,228,650,834,502,531,357,725,469,897,254,235,617,870
44,956,788,827,940,169,486,325,858,833,165,311,321,457,908,5,918,53,243,423,449,142,563
210,968,760,304,111,332,928,935,796,973,924,388,569,483,404,546,459,9,516,883
824,79,338,657,251,224,44,301,648,137,789,910,154,791,183,356,700,104,81,254,629
659,569,136,715,651,626,613,336,500,322
505,466,546,930,818,643,618,578,516,75,939
802,890,582,775,953,312,847,361,454,727,483,993,468,257,554,998,424
134,841,580,19,944,498,258,626,268,549,253,246
170,352,954,200,315,563
57,22,312,757,453,716,408,198,740,399,268,742,100
595,693,210,458,199,508,169,485,943,165
806,79,787,775,17,474,858,779,790,286,277,464,712,877,893,704,81,628
251,822,95,647,636,862,632,936,835,844,725,568,75
419,51
250,205,890,241,751,777,343,948,521,354,623,546,439,705
823,241,195,169,938,947,511,363,535,466,907,621,160,8,448
96,391,205,45,647,395,55,951,499,631,207,193,844,453,171,492,994,286,457,459,103,438,237
125,300,204,205,128,224,787,229,33,336,497,409,20,10,520,909,4,584,242,606,872,895
781,96,783,45,332,643,283,3,790,52,99,732
271,592,29
832,698,294,643,547,652,881
211,78,571,803,685,957,218,154,983,462,452,432,404,480,703,701,680,62,233,553,742,89
907
755,989,504,580,942,633,486,331,313,450,39,924,12,600,2,719,494,43,235,422,256,515,411
143,696,977,59,318,122,853,324,937,434,357,109,175,467,546,107,886,102,249,247,628,577,706
977,543,545,474,575,60,881,497
958,114,45,935,759,911,461,667,192,360,428,65
996,559
505,814,776,124,963,384,295,408,524,700,919,703,80,420,526
49,220,300,660,228,23,798,197,176,952,632,183,404,567,892,872
696,571,213,762,982,925,320,156,879,908,175,538,819,871,246
67,659,988,503,223,956,853,370,219,156,937,679,161,277,543,401,563
49,134,451,682,845
806,763,823,751,777,967,582,661,820,911,756,276,171,524,482,533,82,538,422,437,705,619
135,689,671,933,129,155,488,435,183,725,877,575,52,244,104,536,399,681,439,872,732
349,773,451,766,683,356,214,245,264
777,392,25,846,337,836,1,440,623,919,385,991,106,65,403,615,702
96,684,855,343,373,679,348,409,378,163,431,388,386,578,896
934
763,770,252,969,799,341,36,176,344,664,654,409,718,466,6,620,234,140
116,959,595,126,300,674,319,226,762,370,927,964,159,295,346,193,641,161,574,602
842,339,566,229,361,284,237
959,863,23,305,849,119,366,181,279,482,42,993,258,64,590,780
221,224,638,187,502,524,493,808,880,73,708,50
684,317,35,315,985,38,170,416,603,246,676,560,978,47,636,914,478,834,168,992,440,990,442,872
161,822,658,853,838,120,849,284,119
989,966,789,473,796,655,656,947,912,175,232,233,624,249,448,248
941,798,667,171,510,726,42,441,622,572,526,692
98,860,920,657,328,662,25,272,709,960,415,374,359,410,624
49,263,868,858,821,37,845,498,427,535,621,41,4,566,680
842,327,316,188,189,641,38,3,0,7,457,700,889,546,621,721,397,886,414,87,265,883
890,392,148,788,294,305,315,798,768,889,160,904,584,557,554,253,75
451,737,993,708,255
696,98,958,832,225,476,310,27,348,379,719,569,199,903,555,887,691,413,514
429,597,452,785,818,36,249,847,872,602
250,966,965,631,218,477,168,913,162,465,718,63,707,881
668,771,890,863,394,960,495,793,152,463,734,151,904,670,551
696,659,677,263,300,560,319,110,697,341,18,950,653,168,729,465,432,700,554,439,692,591,75
825,841,318,762,26,361
98,969,110,684,649,294,643,971,312,848,655,155,161,444,0,457,199,546,626,529,880,248
134,595,765,571,328,582,123,270,274,350,530,150,745,749,905,259,881,588
811,117,126,828,863,226,18,296,33,934,156,284,975,11,737,43,608,236,100
677,393,442,983
505,116,148,651,632,737,355,452,278,879,713,877,406,615,516
202,830,212,46,332,195,487,867,13,271,193,984,600,454,108,80,905
669,69,260,339,831,817,394,862,925,970,709,910,273,493,172,620,403,549,448,88,741
678,842,503,597,223,674,55,946,915,499,923,985,836,30,183,258,608,538,886,731,999
379,822,745,440,803,751,124,487,13,579,741
745,966,373,758,911,207
524
138,786,113,982,195,960,821,21,919,880,130,264,755,204,580,598,698,23,938,716,163,879,5,407
595,812,920,560,814,328,760,17,229,197,11,913,276,512,440,725,543,918,991,616,269,905,561
696,203,826,484,709,911,153,737,416,356,990,578,872,588,705,593

116,812,777,851,967,966,964,194,384,272,949,168,153,174,889,725,356,919,410,607,615,578,731

694,223,942,200,219,592
221,770,115,852,94,19,46,315,450,836,913,835,497,462,542,457,992,32,892,588,50
772,942,636,22,314,981,810,520,232,80,425,246
594,969,509,216,672,761,633,982,294,188,36,926,923,320,271,666,174,340,809,89,255
251,699,761,508,325,158,665,810,352,929,433,175,612,469,614,572,731,256,264
134,687,777,570,788,214,306,834,165,288,539,257,547,885,52
444,300,222,457,481,477,311,208,757
23,768,411
737,300,58,852,47,918,46,869,935,576,50

695,988,138,851,933,936,192,460,322,291,929,417,183,173,875,876,246
48,719,354,623,990,19,723,964,838,325,743
976,989,126,69,240,328,371,315,25,489,170,162,557,9,553,629
763,226,214,326,820,366,737,4,70,537,905,603

781,505,813,657,638,328,195,341,191,170,736,233,563,870,593,141,89
597,503,210,803,470,92,201,187
828,931,938,735,524,151,184,877,574,538,555,259,578
121,215,195,927,837,381,498,282,353,712,5,107,893,52,518,604,264
824,958,822,805,774,111,124,195,18,315,310,821,833,924,769,523,405,30,406,266,142,424
211,98,507,242,166,360
771,851,826,923,336,292,757,948,3,171,184,299,886
287,667
601,505,199,827,324,885,998
77,831,957,826,982,33,267,924,730,100,551
354,210,22,572,709
784,58,302,139,19,918,314,72,336,706
814,92,697,111,927,838,333,928,943,166,758,641,939,289,524,184,340,245,249,744,253,527,551
150,401,383,808,567,562,640
772,480,370,721,343,344,708,311,208,835
959,781,117,216,787,325,501,168,275,996,352,287,428,992,700,670,517,235,562,576,246
958,764,133,674,673,672,685,649,293,652,371,310,859,453,276,164,173,891,881,422,253
160
854,270,234,880,238,411
48,770,359,559,827,401,65,711,923,236

763,669,688,342,709,165,500,835,348,170,454,542,431,622,712,991,608,873,605
824,668,505,688,59,393,777,965,981,343,325,321,275,718,465,452,878,403,891,414,84,411
977,752,338,115,122,632,936,498,348,322,757,427,174,43,919,367,529,710,568,882,589,577
959,48,890,487,473,486,296,662,34,947,460,908,889,723,609,233,617,896
811,659,115,252,674,113,923,168,641,729,355,739,879,569,700,991,620,401,624,629,85
754,263,135,814,509,570,853,951,631,484,313,285,156,630,498,352,899,389,268,518,591
595,453,623,909,342,424
134,144,327,635,229,15,310,273,888,520,884,257,103,897,423
302,111,660,229,325,980,834,910,274,365,352,6,377,893,722,578,708
263,773,66,338,776,685,228,473,335,12,728,726,520,443,539,574,903,592
67,116,977,995,483,520,490,313,14
594,115,113,304,620,15

457,991,81
250,133,46,33,381,189,272,337,463,0,297,440,441,612,108,480,469,740,874,103,731,267,85
812,771,495,477,21,41,545,9,403,537,744,562,238,602
211,678,67,212,842,637,58,644,351,974,479,460,163,908,299,556,459,536,249,439,550
764,940,474,950,858,663,961,14,444,482,376,249,605,439,780
726,113,396,315,710,402,130,882
864,188,962,871
806,635,662,867,320,14,735,997,726,471,533,548,410,64,422,589
251,112,121,147,111,22,187,270,309,540,366,531,355,286,434,458,919,401,566,105,886,731,74
668,669,112,122,942,803,136,965,474,981,835,154,364,0,160,613,403,905,561,593
263,766,722,269,166
530,185,111,973,334,247,479,351
770,855,857
826,964,692
522,615,336
119
754,824,683,215,226,332,485,943,952,13,810,429,367,574,565,808,259,882
804,222,978,219,487,177,344,848,985,347,997,416,71
521,163,840,410,557,880,706
221,669,95,697,303,194,953,13,496,792,790,435,426,534,298,611,71,887,515
676,776,864,395,799,642,661,197,949,193,282,435,716,466,889,878,809,711,731,235,742,732
530
686,639,658,44,188,916,475,949,758,271,28,273,574,65,744,883,706
204,391,766,828,327,57,966,789,23,952,310,846,274,844,460,409,746,0,993,703,730,438
790,687,433,77,581,624,847,617,142,350,527
639,675,840,394,838,176,484,157,347,443,265,527
66,976,850,223,675,753,316,660,294,314,868,486,325,792,745,385,894,86,881,733
992
49,358,884
843,806,135,968,19,787,317,651,33,206,320,271,351,282,749,481,565,885,80,619
687,815,47,651,22,962,857,209,737,993,543,615,88,246
994,222,888,809,557,381,606,578,140,165
349,837
825,115,774,930,965,325,381,165,321,152,444,472

144
125,69,316,914,837,326,14,531,453,899,907,299,902
275,762
260,405,32,775,932,8,681,756,488,154,628
824,97,135,222,822,979,503,854,801,789,22,229,330,290,351,10,919,430,160,722,402,617,579
841,94,949,540,418,734,610,724,740,720,624,247,896
125,301,856,849,949,190,297,42,472,376,574,608,808,60
804,216,200,195,165,440,174,82,565,70,590,882
546,591,100
453,811,678,404,582,685,561,562
729,138,664,870
696,429,609,18,282
601,199,803,407,71,189,50,757
761,91,372,176,365,415,715,257,613,234,517,515,563
355,193,192

365,694,609,362
365,732,497
989,688,683,950,915,866,756,540,2,375,907,990,249,881,551,527
719,956
245,903,900,602
164,826,612,611,963,650
454,979,558,556,943,104,624,710,589,844
594,695,391,339,803,682,698,201,797,331,985,273,521,363,198,621,236,605,604,515

595,221,823,965,295,206,156,666,929,558,377,525
250,855,846
772,95,944,191,617,742,975,154
220,250,958,801,644,834,758,21,446,164,356,407,443,885,553,515,247,901
224,138,316,474,294,975,291,10,278,995,879,386,714,618
223,888,65,264
920,300,854,330,312,331,218,484,157,477,495,601,426,511,483,893,585,691,528,438,706
464,286,658,64,945,486,820,743
117,825,59,136,507,671,798,272,768,275,462,559,443,231,400,743,999
67,716,388,854,268,552
695,987,58,333,229,972,454,622,108,51,232,614,516,527
693,447,105,665,27,553,793

505,506,69,683,44,685,350,510,431,608,233,439
132,13
298,206
393,930,496,150,534,724,385,714,894,52,233,87
977,262,763,649,323,16,154,735,512,164,875,567,616,233,81,587
542,840,647,455,519,691,191,500
466,470,4,775,762,636,980,632
649,217,943,980,767,285,14,889,702,437,220,67,48,474,294,347,717,520,991,549,591,564,255,424
764,675,599,113,698,332,709,767,859,937,380,468,882
764,252,599,136,931,217,166,284,974,366,997,612,611,398,104,892,420,102

531,135,802,570,787,873,249,836,902
95,805,889,36,608,913
764,77,675,225,216,294,473,645,156,435,510,465,245,410,891,519,880
861,117,957,826,329,111,305,191,380,454,512,451,440,457,186,82,871,589
115,392,760,856,228,661,18,177,839,409,445,464,547,731,237,514
772,863,684,960,759,38,351,497,435,170,521,355,523,431,907,432,738,481,72,707,87
677,117,657,580,802,47,110,946,980,197,944,936,274,653,209,355,375,455,919,243,420,586
755,813,504,683,147,228,351,460,569,108,620,419,160,548,557,243,413,602,593
93,399,255
824,815,942,19,788,476,923,859,769,984,929,368,186,249,422
824,807,770,301,570,787,18,207,836,167,513,534,407,884,70,903,104,710,871,448,741,551
807,250,261,646,637,789,643,981,36,497,275,600,610,612,533,919,358,554,552,577
687,49,669,802,930,685,474,360,273,335,757,844,275,426,791,277,524,375,457,458,483,299,876
143,354,674,319,964,8,779,501,756,654
212,45,213,697,17,36,778,206,193,389,363,730,577
763,308,973,759,321,640,948,974,428,893,809,62,874,900,236,235,617

772,121,215,815,148,652,325,307,271,500,444,569,808,234,681,399,618,248,550,88
352,840,532,87,603,500
801,964,911,679,654,417,10,340,456,419,553,705,424

920,802,582,368,177,680,663,937
687,446,416,570,51,372,891,24,266
830,832,770,146,638,647,816,671,179,342,34,845,275,180,745,727,724,419,532,559,905,901
143,506,989,96,261,200,761,303,474,283,288,482,991,557,624,412,999,883
763,327,968,683,56,230,486,177,645,926,27,418,452,918,532,626
995,230,722,926,437
69,96,766,570,372,296,980,926,501,157,498,667,757,1,558,407,880,86
349,251,68,646,328,829,966,159,382,496,321,433,357,584,720,605
127,318,671,179,330,962,926,462,354,407,710,253
678,66,807,783,59,675,697,925,427,3,278,374,65,236,413,100
418,977,365,145,77,205,319,534,715,584
977,785,672,13,165,347,948,287,544,713,356,374,621,722,900,527
806,812,93,698,110,797,986,834,792,275,440,467,566,243,517,578,900,88,75,550,437
668,215,570,647,943,645,331,453,747,363,700,620,103,517,438,47,371,270,970,718,440,490,8,402
338,785,682,55,726,627,744,266,130,772,831,596,47,775,230,837,910,810,167,3,407,714,903,871
678,812,338,127,300,580,19,914,18,849,381,13,309,282,416,566,584,423,140,73,881,246
275,221,240,474,52,526,502,562
784,658,219,15,757,492,163,726,559,572,448,561,248,76
67,318,328,774,315,971,866,284,984,522,463,452,173,670,65,905
832,518,142,984
665,154,152,369,749,410,64,414,603,813,658,776,815,392,698,501,491,2,163,441,358,585,549,619
288,586,425,29,348
696,465,774,402,707,562,235,984,118
250,813,509,942,854,817,853,487,915,194,848,344,836,888,889,6,584,72,140,733,247,514,255
134,695,234,549
49,263,32,818,964,652,711,16,131,360
825

57,660,313,769,623,724,103,131,551,506,126,976,597,831,307,522,353,992,359,611,4,231,561,896
723
814,863,230,661,330,288,43,387,199,583,627,105,549,743
771,128,241,682,966,818,963,196,985,542,535,749,604
452,57,139,113,93,633,631,554,39
824,114,128,328,638,361,769,640,947,155,38,497,64,552,413,742,514
979,814,44,787,582,22,308,15,663,313,768,937,192,275,405,41,607,705
260,205,697,636,642,290,653,810,364,164,467,622,469,529,398,87,872
48,388,384,26,742
125,716,785,358,909,642,529,886,796,936,938
832,571,868,380,929,151,546,31,537,234,399,819,248
77,800,788,940,365,105,886,267,594,204,673,92,474,90,911,492,299,5,160,611,991,893,615,89
98,146,370,868,779,292,283,192,521,406,160,578
771,32,518
116,812,777,213,827,914,634,229,916,177,218,360,353,463,164,415,404,83,269,267,265
622,838,914
945,644,535,430,481,83,553,830,505,250,597,693,816,855,169,631,630,810,913,180,298,546,583,568
674,637,761,137,684,314,169,187,962,949,495,836,899,534,620,584,421,87,603
658,571,105
184

677,648,652,346,756,719,429,181,544,185,740,398,681,603
696,676,510,750,878,214,401,927,294,730
861,113,46,651,914,856,982,293,849,796,810,479,287,387,470,919,442,720,537,519,439,84
764,674,800,940,779,936,608,874,54,87,629,411
806,781,596,112,47,110,496,156,346,912,28,939,997,415,357,889,407,714,438,628
675,534,91,701,292,999
958,755,78,760,863,838,219,970,191,450,500,728,610,889,627,80,563,88
772,773,204,570,113,308,859,154,38,354,442,469,723,691,248,870
126,823,230,499,645,26,821,790,418,724,376,895
977,204,223,149,490,400,484,960,741,89
211,726,189,373,707,140,552,619
145,968,598,582,284,283,983,360,559,565,701,819,606,730
977,580,799,980,218,320,667,171,747,199,443,556,548,555
861,263,128,766,865,18,943,197,290,190,836,498,810,922,491,276,297,725,721,536,54,592,870
93,328,315,229,344,157,502,938,3,418,991,245,242,897,99,744,448,692
748,754,389,303,231,169,285,834,84,589,322
822,78,334,921,288,556,64,884,536,102,266,125,594,750,798,858,857,632,272,793,790,277,878,893
806,222,694,890,854,581,632,38,353,513,459,75
289,598,940
250,638,443,702,209
275,658,109,483,862,64,681,54

134,409,734,890,35,169,372,326,285
560,658,509,443,187,710,156,461,282
416,392,189,986,500
677,920,832,145,599,318,598,942,316,111,177,934,336,922,654,453,286,43,993,472,703,876,721
525
299,817,91,70,189,75
678,668,824,594,114,770,783,507,775,159,25,189,845,488,844,746,524,995,541,621,566,730
700,341,384,476,846,348
785,649,137,196,641,948,531,539,459,680,518,251,91,914,209,679,162,352,279,407,613,398,892,425
936
704,237
505,503,121,816,226,306,343,25,331,794,912,498,38,929,404,245,574,425,628,706
772,125,422,998,209
830,212,222,941,306,90,651,499,867,343,839,641,454,386,52,398,900,743,617,577
811,860,355,813,298,703,916,656
686,328,671,827,644,952,972,477,489,921,546,172,558,83,398,618,588,425,142
7,828,685,480,476,625,573,249
364,227,25,880,191
772,510,122,581,234,439,605,437
67,658,225,359,788,323,332,950,867
492,117,429,434,879,147,325,34,617
830,389,969,636,703,258,64,915,572,177,176
944,309
161,67,162,148,993,957,945,102
125,920,117,560,338,188,310,924,346,737,719,363,557,459,268,898
623,319,700,41,213,584,960,591,845,255
132,688,200,499,28,530,182,613,398,886,8,900
824,149,201,856,868,293,315,845,938,347,735,355,739,470,714,627,422,577
812,852,803,787,474,325,655,834,709,284,461,161,444,521,737,919,539,400,702,74,248,564,424
976,560,752,509,934,372,650,479,348,1,616,103,268,254
860,222,753,852,761,943,632,361,362,938,454,0,541,185,82,267,61

752,224,637,852,957,92,789,23,858,866,769,181,447,992,175,184,469,419,105,268,900,514
212,958,979,319,304,848,295,38,335,180,541,876,680
442,965
212,338,599,473,501,285,834,972,320,498,653
127,580,815,341,330,345,38,276,388,297,172,108,520,611,410
126,204,987,215,147,684,661,952,709,282,462,719,388,738,359,548,565,607,259
67,339,636,951,937,821,193,844,152,21,162,899,0,544,297,534,185,419,893,65,880,84,527
114,390,111,22,634,194,344,382,912,275,61,617,577
754,773,523,70,615,759,553
69,599,113,200,230,581,499,207,759,835,844,181,566,567,897,617,75,550,264
250,114,688,803,914,397,588,550,118
781,860,393,226,22,306,837,971,478,986,985,348,745,889,738,442,545,892,526,130,100,589
861,503,813,863,201,965,281,189,271,337,835,418,445,276,481,400,259,606,998,264,551
505,98,301,216,392,685,966,36,270,208,640,734,510,726,611,65,553,422,84,264
300,57,481,714,229,733,142,705,264
161,352,66,391,386,533,401,925,554,926,238
979,146,94,224,967,581,633,487,315,950,662,158,768,836,375,174,546,919,108,419,884,721,589
147,131
811,205,854,91,137,197,923,921,497,454,492,728,363,388,387,587
668,824,813,832,96,823,45,777,178,473,311,947,348,734,737,908,184,6,432,406,83,605
728,941,473,885
366,979,441,471,306,81
134,825,755,252,596,124,643,935,118,990,545,400,553
781,144,251,580,19,801,55,91,868,915,971,13,496,834,362,530,929,725,889,73,413,76
781,594,146,223,831,327,863,169,867,271,640,109,368,52,61
279,965,90,36,778,526

977,220,144,842,146,215,865,93,838,188,837,849,645,456,449,130,780,602,732
397,321,29,732
755,391,215,648,662,177,382,166,276,454,542,405,106,680,579,551
453,288,755,994,507,314,578,707,913
49,125,782,146,955,139,966,46,347,28,282,273,150,286,888,52,607,629
965,34,922
637,184,407,798,873
135,761,324,847,320,360,282,186,396,670,743,564
728
287,5,957,552
69,840,122,635,633,928,118,994,431,160,556,566,555,628,706
962
770,223,753,751,931,81,26,833,589
349,339,581,652,916,944,489,7,405,467,715,468,670,585,606,552
571,356,185,625,663,233,881,902
114,718,95,183,956,904,104,615,256
659,69,58,214,332,858,189,899,10,537,588,705
764,96,987,814,339,580,307,498,654,282,464,995,892,690
804,979,5,485,423,272,984,89
675,637,44,818,956,799,789,983,623,297,109,483,108,721,710,590,256,998,870
379,363,767
694,647,241,123,341,473,485,435,2,622,5,64,572,256
521,222,215,405,569,369,24,779,157,193,983
132,92,473,848,290,756,748,446,919,403,615,399,103,744,552,591,550
391,786,699,818,18,758,910,756,12,239,171,470,520,243,9,536,399,905,710,517,561,448
6,950,670,519,572,103,254
262,770,58,138,671,927,372,662,196,37,28,747,278,467,520,612,532,400,876,398,86,578,516
263,250,123,620,809,706,424
560,260,45,139,762,36,798,308,362,29,974,269,629,264
945,342,309,27,208,464,184,700,877,406,539,72,710,412,742,577

77,777,942,228,961,450,311,21,366,512,163,415,431,41,472,556,607
772,687,263,752,698,341,953,475,198,457,109,609,249,411
69,201,868,952,362,924,921,427,184,51,246,237
202,982,33,296,767,311
417,274
772,97,775,406,964,584,645,691,960,617
683,318,967,682,685,382,974,409,162,164,738,625,518,242
220,48,300,783,784,223,240,323,305,270,662,970,361,14,601,430,529,9,253,732
263,784,356,884,194,960,290,26,794,553
66,773,390,225,47,927,219,868,858,952,859,983,199,160,559,396,583,721,266,422,705,706
825,97,148,56,329,862,963,724,620,40,539,613,519,552,628,999
843,753,121,914,848,336,130
58,967,863,651,858,476,644,923,26,362,665,938,653,288,929,724,53
262,45,42,468,952,985,266,37,489
316,124,137,914,950,381,796,450,949,461,418,150,708,412,883
57,761,177
1,1000
