19,92,22,16,25,28,7,65,83,53,72,81,86,60,85,50
78,77,59,36,33,16,37,42,80,81,60,87,66,97,95,94,93,23,3,10,32,53,9,54
16,39,11,82,65,80,81,61,98,45,92,23,26,3,30,32,52,9,54,72,74,75,88,50,89
78,77,59,56,17,36,21,20,80,100,85,98,69,95,44,91,25,26,27,3,2,6,51,52,9,54,88
78,59,44,55,16,13,28,30,42,4,64,51,70,53,63,50
49,48,96,93,19,56,36,15,33,14,29,38,20,10,81,86,87,84,50
79,69,96,57,41,32,40,35,54,25,14
36,16,13,14,62,85,98,48,69,95,92,22,25,29,10,7,5,31,4,71,9,53,72,74,75
98,97,77,19,65,16,81,84
97,78,90,26,38,2,10,1,5,9,81,99
68,91,4,15,80,25,99,84,89
49,97,69,95,77,44,56,47,46,16,27,38,21,42,41,70,73,86,60,61,100,75,50
48,59,57,56,19,23,34,25,38,20,5,41,64,51,63,74,61,100,76,85
48,45,70,60
59,47,55,71,72
58,44,47,35,22,36,15,33,13,1,30,6,64,71,8,86,100,50
59,56,55,17,35,15,12,38,43,64,63,60,100,97,68,45,93,91,22,25,28,7,51,71,54,75,50,76
67,49,79,57,46,33,13,28,12,41,70,65,53,71,80,62,8,72,61,87,100,75
22,76
78,68,24,33,27,28,38,1,31,51,71,62,74,100,89,50
58,57,25
48,97,96,32,64,52,24,28,37
67,10,15,62,73
77,45,58,44,56,36,33,14,21,2,10,30,42,82,71,84,76,89
49,31,63,29,12
48,27
49,79,68,95,59,19,4,35,61,75
67,98,66,48,79,59,94,47,17,28,29,1,43,41,4,51,8,54,100,89
45,56,47,19,35
79,59,19,56,18,39,14,11,64,82,63,99,87,100,85,48,96,22,23,24,10,4,71,50
44,19,99
97,42,32,23,33,73
67,48,78,77,57,92,36,15,25,13,29,21,32,41,99,86,61,100,50,89
69,40,64,33,34,25,73,84,37,28,38
98,79,78,59,95,92,55,37,41,82,83,80,54,86,61,100,89,85
49,43,93,42,36,50
98,68,43,44,22,50
51,52,9,54,8,50,76
59,94,45,47,25,13,20,4,83,52,65,62,99,87,61,84,76
30,92,4
48,95,7,30,42,35,36,52,63,87
20,79,10,58,56,90,83,61,29
98,77,59,46,23,16,3,20,2,30,4,63,74,89
86,87
98,45,36,15,26,13,37,28,30,82,8,87,61,84,85
98,97,48,69,59,77,44,91,90,11,12,10,6,32,64,53,80,86,99,84,76
20,10,45,93,92,90,88,100,12
98,42,44,19,22,52,83,9,12,38
66,78,68,94,92,55,90,18,34,26,11,28,3,10,43,42,5,86,100,76,85,50
77,94,58,47,17,90,18,24,26,14,11,38,21,43,7,51,70,8,84
96,43,45,40,51,83,36,80,61
79,31,55,18,9,13
98,77,45,57,93,46,33,25,39,26,6,5,40,31,51,52,83,80,74,84,85
98,67,69,68,94,57,16,37,12,29,20,5,4,83,63,75,76,85
48,66,96,78,95,45,44,93,36,11,20,41,31,9,54,74
98,66,68,93,47,55,24,26,28,12,38,2,1,7,42,4,64,51,83,71,53
49,66,78,45,94,44,56,55,17,33,26,13,20,10,7,65,71,63,8,73,75,85,89
79,36,24,25,38,29,21,43,51,82,99,73
97,69,78,59,91,46,34,14,37,3,20,6,32,64,63,8
77,56,55,15,16,34,39,37,11,38,82,62,86,49,98,48,95,68,45,91,3,10,51,74,89
48,68,95,58,57,56,90,24,37,12,3,20,43,42,4,31,51,8,81,61,76
97,78,59,47,55,7,6,32,4,53,81,87,88,75,85
97,44,90
48,97,66,57,92,91,17,35,33,24,39,38,3,64,51,83,63,72,99,74,100,85
78,59,45,44,56,19,55,33,25,14,11,30,43,51,52,83,9,72,81,86,100,89,85
49,66,96,77,45,55,90,17,15,26,39,13,3,1,41,40,82,83,81,72,85
78,59,58,56,33,14,12,42,82,83,99,49,98,95,94,47,90,27,1,10,6,32,8,73,74
49,21,2,1,10,94,13,100
56,91,90,16,14,27,37,38,12,40,63,8,81,76
43,92,31,54,86,37,50
98,96,45,57,92,55,24,34,39,38,29,10,64,80,53,72,74,100,85
79,19,15,34,13,40,62,80,63,86,60,61,84,95,22,23,25,3,2,30,31,70,88,76
67,97,77,94,46,22,39,13,11,37,20,10,9,62,53,8,86,100,50,89
67,77,19,92,90,15,34,38,3,7,31,40,65,72,86,87,74,84,50
48,97,77,58,15,33,25,13,12,7,51,88
43,62,15,29
66,78,69,96,57,35,36,38,1,32,52,80,72,54,99,61,100,88
57,92,90,18,25,34,26,14,27,12,29,1,7,43,6,82,80,72,63,81,76
97,96,58,91,35,16,60
98,77,57,92,16,13,29,12,30,42,41,31,83,53,71,8,86,88,75,89,85
48,96,45,57,56,22,17,34,39,11,38,3,30,4,83,80,73,87,100,50
49,66,20,78,30,57,65,18,86,11
49,77,57,56,25,16,26,29,1,7,30,42,83,52,71,72,81,54
8
49,98,79,66,96,77,95,94,93,33,6,5,40,51,71,85,76
49,56,46,33,25,34,13,28,29,7,51,62,54,75,50
48,66,78,43,92,54,13,100
79,97,96,95,56,91,22,33,24,25,16,28,11,3,7,43,6,32,70,81,54,73
97,96,7,30,5,40,70,83,8,86,14
95,44,17,35,23,34,25,39,13,11,12,38,21,20,31,64,62,8,54,99,73,89
1
79,59,92,47,46,55,90,35,11,28,10,7,62,63
48,59,94,57,56,23,24,11,38,20,2,1,41,83,71,80,99,61,76
1,10,57,47,19,31,80,62,8,75,38
79,91,55,17,22,27,29,6,42,64,65,80,9,54,86,61,75
7,91,52,8,28,88
93,8,88,50
95,12
95,77,93,41,5,91,26,99,61
1
