79,59,598,635,863,316,672,394,496,846,426,364,465,405,43,376,459,246
860,822,121,713,672,584,858,439,291
505,338,841,504,57,636,18,923,833,436,287,482,908,877,584,586,414,528,425
113,928,16,921,535,578,744,629,264,959,976,391,598,124,951,856,22,916,935,373,654,737,7,299,490,396,586,591,528
192
67,967,394,951,632,836,388,4,749,367,472,557,86,516,449,553
338,688,805,925,960,311,921,488,20,746,287,725,627,80,104,49,125,349,270,295,859,974,405,466,396,584,52,527
806,764,338,310,450,380,488,601,747,286,419,243,701,553,678,977,850,503,302,817,294,972,461,379,428,184,520,990
830,116,955,623,7,786,468,924,346,999
843,204,78,392,332,177,513,426,428,727,544,470,919,160,894
262,58,862,867,118,174,620,519,515,246,126,813,831,816,90,652,798,778,917,834,501,810,790,566,891,615,235,732,690
454,6,159,705
783,760,37,640,42,432,722,248,221,770,850,694,597,328,508,46,853,917,655,630,656,653,757,322,737,357,520,613,231
811,250,128,840,941,45,930,581,195,15,14,161,746,464,532,876,403,579,902,577
842,79,570,945,487,154,119,433,385,704,87,250,677,127,96,205,328,816,148,953,858,290,937,653,899,1,739,907,234,89
678,505,260,91,788,333,970,859,846,283,37,757,119,913,748,161,600,289,535,749,626,248
531,918,460
686,112,57,331,283,21,453,558,481,40,575,81,267,248,391,978,955,305,187,634,293,522,276,354,546,396,8,259,900,237
803,827,35,323,219,971,866,118,492,163,725,919,62,616,732
811,669,955,485,168,288,557,233,892,536,266,902,527
668,116,669,688,685,219,943,821,436,918,103,242,578,699,954,582,123,408,279,878,548,904,808,71,254,617,563,238
215,358,258,952
825,635,819,236,692,564,527
503,608,986,190,311
181,210,851,455
134,135,765,58,218,34,531,389,415,623,130,677,580,121,509,953,793,492,613,906,233,591,449,617
314,384,381,217,767,641,366,919,627,537,62,780,883,741,302,121,328,90,794,346,350,975,491,276,718,998
839,702
752,223,931,35,474,179,195,305,971,475,190,737,745,374,712,990,80,9,399,439,60,254,895
988,968,571,319,487,341,312,849,962,478,833,28,291,996,180,436,464,458,723,538,549,887
770,823,805,68,803,673,697,643,326,501,453,364,466,441,670,81,74
677
969,42,886,218
688,803,651,280,779,923,271,757,530,747,174,877,442,904,626,233,743
121,731
288,275,2,782,994,832,942,914,315,710,103
312
729,317,875,280,557
824,447,136,178
732
823,633,64,945,625,567,615,196,74,550
98,220,755,954,855,926,960,129,972,821,984,209,161,365,719,376,565,613,576,50
806,785,241,317,980,925,334,534,559,885,514,391,838,187,169,936,938,353,445,2,376,809,585,874,140,900,898
122,124,315,953,307,326,191,208,152,523,888,109,483,185,377,472,258,625,71,449
170,5,410
801,924,500,192,379,996,429,464,715,918,625,568,730,589
646,862,137,281,499,36,23,473,331,157,290,38,729,417,493,375,670,710,615,50
417,392,124
153,298,467,323,561,347
811,211,135,57,225,672,775,652,33,197,484,632,970,846,284,810,408,10,538,249,236
69,429,451,651,324,269,605,834,593,577
716,902
116,920,865,241,314,18,311,641,335,948,288,431,700,749,740,514,251,146,815,22,169,857,654,426,408,181,357,549,590,235
433,610,509,467,44,762,620,651
668,964,950,25,973,924,27,346,513,521,404,469,591,563
210,47,200,473,23,938,948,460,540,444,7,470,51,529,897,527
770,240,967,697,914,333,963,662,867,15,484,834,793,167,601,994,356,401,459,437
143,687,977,59,968,137,361,273,524,726,533,419,703,87
783,114,841,753,647,697,910,665,912,209,729,612,160,529,903,576,589,741
318,865,965,159,285,118,435,481,269,624,605,126,92,671,323,799,971,796,345,166,794,321,347,29,164,879,714,891,421,402
987,570,304,474,314,169,475,938,193,745,65,704,616
647,314,158,190,728,889,819,503,327,227,323,651,90,779,26,28,757,291,497,792,444,899,277,182,396,692,589,1000,870
764,115,761,229,324,632,910,794,985,790,542,428,700,64,515
601,78,542,571,160,323,614,474,868,797,311
30,298,213,344
211,773,979,804,571,637,940,868,652,177,39,834,273,275,441,64,808,897,578,617,577,255
145,390,823,358,83,86
97,539,73
365,405,682,919,294,701,796,553,479,237
841,698,930,332,476,961,656,429,434,718,32,720,567,873,702,707,588
783,339,312,797,485,446,737,623,269,249,238,264
941,56,218,986,157,337,193,640,452,880,516,780,391,890,837,778,345,272,501,168,209,614,584,568,423,563,89,237
687,822,649,371,980,943,961,450,973,310,984,430,891,585,248,61
211,49,389,840,894,485,63
132,182,993,160,35,910,208
773,145,963,607,640
781,814,840,771,828,640,192,427,170,286,745,107,878,257,721,104,607,449,514
784,215,58,149,395,697,332,855,217,820,912,790,162,340,539,819,617,515
783,762,332,946,728,174,532,629,811,777,46,188,342,797,794,498,792,491,276,610,612,160,52,72,998
696,128,749,385,394,838,229,891,833
687,262,773,826,966,314,179,196,310,311,271,334,792,844,460,239,184,172,358,549,707,604,411
392,931,485,926,810
533,188,191,84,948
134,262,824,212,318,19,866,196,986,489,170,747,388,609,881,61,742,696,229,631,270,936,938,180,52,710
570,179,473,743,264,255
696,814,504,753,831,301,317,633,18,324,325,485,495,118,274,167,433,354,546,550
11,155,622,534,607,243,86,414,265,597,694,69,771,814,750,957,931,169,652,839,167,810,275,462,277,714,561,142
958,814,766,634,867,911,679,542,297,183,704,906,514
415,559,539,856,345,309,589,792,654
802,946,866,450,336,155,334,11,119,844,286,885,414,101,693,599,637,638,816,200,957,853,758,272,994,718,6,401,568,399
524,470,903
67,755,813,828,864,304,156,666,444,540,734,994,1,718,386,456,670,607,891,744,588,238
806,842,240,683,487,820,311,924,435,452,198,558,621,676,121,637,46,370,650,912,492,239,464,713,5,9,72,731,901
899,938
117,669,860,826,159,336,985,192,363,430,518,101,881,85,203,655,630,274,835,353,377,545,469,904,401,691
530,96,785,469,478,619
110,218,34,380,667,433,367,83,608,744,695,773,506,303,228,933,950,632,937,275,447,357,279,468,490,51,1000,563,564
811,773,832,955,699,139,316,329,649,179,305,16,655,640,491,416,278,544,455,559,723,411
825,989,338,785,787,284,416,109,918,625,741,754,391,146,831,45,852,394,46,935,759,161,5,400,52,237
78,823,995,914,83,616,944,461,425
850,745,851,283,488
505,748,127,777,191,489,602
210,987,784,864,863,15,849,728,199,703,82,574,624,99,145,698,499,274,161,10,279,470,184,613,120,567,423,692
811,127,783,146,642,485,372,159,663,13,320,335,735,899,728,886,585,691,253,742,629,589,564
135,210,261,138,980,925,11,844,948,365,704,243,702,677,639,391,978,23,476,270,129,168,462,734,356,738,400,900
560,300,987,802,698,314,312,644,344,129,273,745,186,893,608
989,215
260,326,975,974,835,171,541,482,713,367,420,399,248,1000
240,954,225,849,159,935,3,1,43,466,721,73,593
506,841,978,223,504,915,986,290,165,156,433,108,990,703,258,626,586,691,448,733,246
942,864,111,964,922,288,819,573,514,220,772,205,146,753,930,303,651,932,207,479,379,162,469,401,711,906,891,592,424,593
212,669,78,241,11,537,243,707,87,266,349,677,979,639,394,938,835,409,378,239,352,4,691,423
391,133,965,90,293,859,461,154,641,276,736,175,298,359,585,892,871,264,593
366,66,850,879,700,123,532,481,400,8,237
530,524,115,136,919,618,846,100
211,940,111,762,661,18,983,557,536,624,780,639,675,753,816,774,478,972,208,997,429,354,374,909
78,689,805,133,648,684,923,769,289,745,458,555,412,551,438,98,977,506,675,327,954,90,291,428,376,8,233,236,593
147,673,777,36,925,501,271,288,728,375,467,442,456,548,51,884,71,585,905,618,86,74
202,69,390,814,318,241,47,940,855,868,292,465,714,4,52,704,81,425,564
49,418,181,136,310,707,347,792
121,281,313,655,984,11,912,747,364,297,376,991,780
806,506,803,113,762,383,932,789,343,934,14,334,167,899,364,151,465,881,74,248,514
138
832,814,865,671,921,37,922,748,716,888,904,680,399,61,101
59,865,332,868,661,921,3,531,441,993,299,31,401,897,605,617,742,265,438
540,791,675,725,892,16,362,495,208,912
366,646,776,826,642,567,778,593
212,204,852,509,786,179,848,664,207,322,736,541,623,30,993,172,620,722,591,74,730
806,596,226,381,12
79,639,752,300,77,688,823,598,213,305,485,373,948,152,790,445,997,446,458,53,399,236,256
785,216,159,197,158,821,769,20,172,430,575,554,518,99,744,629,503,951,654,899,1,878,4,583,548,421,234,901
719,286,387,371,891,880,900,61,238
433,543,627,326,536,758,450,985,247
977,202,506,114,68,774,981,645,479,340,991,529,575
558,372,86,742
58,854,507,91,789,778,313,913,365,108,40,469,401,410,397,81
143,830,785,224,393,225,803,227,473,381,631,336,283,836,275,531,355,520,51,529,448,708,870
861,683,965,34,218,937,11,208,715,578,898,100
171,512,428,865,183,6,404,566,897,75,577
202,992,852,466,340,704,450,477,562,282
338,783,113,648,217,662,157,949,364,433,888,438,300,145,91,697,799,229,970,540,494,907,472,613,567,420,8,422
195,293,450
694,132,133,327,124,91,332,944,665,794,208,2,173,703,613,876,874,586,8,233,618,870
595,135,212,805,94,148,241,370,195,798,191,845,835,540,151,374,107,548,232,617,437,88
824,997,490,194,944,101,604,208
850,813,223,571,851,55,330,632,373,478,847,759,912,37,119,558,621,430,258,722,591,235,902
124
806,260,766,339,941,364,623,556,539,538,886,99,514,144,503,978,697,475,759,630,997,541,7,469,875,584,567,586,526
688,240,599,139,149,957,299,230,789,896
78,639,673,92,214,341,821,156,975,154,729,10,919,990,583,424,690
860,110,55,868,849,361,157,156,155,38,416,266,675,225,306,950,321,679,446,899,184,611,8,549
766,261,987,335,745,457,700,552,882,551,264,977,394,916,166,972,913,810,521,277,523,298,712,4,873,586
355,213,533,187,613,159,218,999,282
822,571,19,304,660,169,15,926,655,11,974,21,408,610,907,490,819,63,72,101,424,564
56,110,383,35,333,380,385,881,742,144,776,815,44,956,799,228,634,797,180,995,466,993,545,891,422,898,733
117,695,805,685,91,119,38,497,994,386,878,173,242,741
211,339,942,981,312,767,284,289,745,700,80,744,144,48,676,978,45,816,93,323,169,971,857,1,739,52,547,73,561,901
659,67,772,96,509,224,786,582,945,925,513,522,716,417,433,740,82,721,906,881,592
221,764,989,814,308,313,345,727,738,877,410,704,721,244,906,81,617,692,882,411
860,126,941,967,863,774,796,290,43,534,555,618,603,901
811,45,107,90,166,665,12
804,814,93,633,475,289,287,43,183,185,876,399,905,439,900,619
136,197,644,151,727,245,539,557,103,578,61,579,69,96,694,674,395,855,296,275,447,354,569,546,545,258,568,237
979,174,91,799,884,23,187,243,892,423,561
49,149,507,986,165,665,947,37,835,409,365,363,278,172,611,31,555,88,589
132,17,642,484,432,63,880,414,147,395,46,508,23,916,779,833,460,523,610,612,471,401,254,142
492,719,982,197,331,871,85,237
148,44,800,55,801,137,894,296,166,898,208
135,860,560,969,803,582,863,837,867,953,478,924,972,29,541,51,105
391,697,590,267,380
754,134,988,509,316,303,970,935,129,535,430,614,873,518,402,691,617
864,139,940,964,643,382,641,948,922,558,537,243,882,251,272,496,320,793,521,279,298,612,614,257,584,731,692
807,860,920,800,869,453,417,198,42,106,459,958,753,205,855,169,345,709,758,28,2,464,181,164,466,469,448,76
806,804,658,683,301,774,788,342,308,292,282,462,435,735,409,378,511,888,357,722,9,871,438
861,299,156
597,133,665,937,929,729,544,470,877,545,905,72,449,256,902
675,226,762,636,869,206,320,322,273,379,151,703,568,819,731,266,591,100
766,865,315,15,666,623,386,918,143,814,329,698,636,914,295,650,795,498,654,479,994,182,569,232
989,825,752,241,93,685,303,965,820,39,190,163,434,287,534,715,552
976,786,682,685,862,789,476,166,983,2,544,385,584,607,871,266,730,551,870
125,806,68,17,869,661,858,307,196,910,569,724,107,878,991,559,809,519,742
732
67,782,840,45,319,18,797,793,335,521,297,401,557,268,74
760
263,802,801,36,644,283,601,513,530,286,368,740,607,267,812,979,954,854,149,951,524,182,357,440,340,406,670,592
45,474,290,193,921,790,877,386,480,621,548,740,83,557,605,629
807,764,851,671,370,960,284,208,717,992,553,265,619,741
262,942,854,649,499,345,497,357,258,539,265,514
677,850,596,580,646,967,951,789,270,24,952,496,429,736,405,441,629
5,881
976,967,383,129,362,190,119,530,467,299,721,710,586,605,266,999,690,896
717,675,942
766,966,110,111,192,453,745,623,131,553,550,98,830,773,814,149,24,650,917,911,497,355,6,990,528
409,649,859
116,782,785,762,925,13,282,289,287,104,536,624,819,657,770,22,305,952,496,679,1,440,186,397,254,563
125,687,969,851,930,329,964,323,928,27,888,279,299,31,620,231,626,562,235
976,95,383,323,789,294,663,937,190,380,756,347,360,500,465,749,609,876,549,237
506,416,81,362
879,63,630
687,988,688,750,487,632,157,937,208,500,3,454,716,929,377,480,249,516,589
113,930,966,456,931,36,83,795,921,593
59,138,216,698,854,649,137,839,345,165,975,491,42,877,585,234,236
755,852,642,661,798,312,25,757,529,584,242,898,528
463,504,42,298,698,395,827
241,31,46,749,704,372,607,985,256
802,178,847,845,193,489,38,365,150,386,887,516,130,812,753,658,149,697,632,795,26,353,470,425
765,339,968,195,661,159,382,118,335,532,883,706,66,599,323,324,798,26,501,793,540,54,74,1000,255
920,69,96,649,22,981,795,665,334,749,583,242,536,267,730
814,77,328,817,306,867,656,418,352,546,385,399,99,871,733
824,115,93,159,839,501,118,729,746,483,546,340,749,245,529,887,905,536,618
212,79,222,803,635,177,666,488,522,511,877,532,703,575
812,648,856,159,193,679,974,513,717,719,452,908,888,459,50
66,637,962,794,679,512,541,612,107,537,86,60,424
804,646,509,214,294,652,362,170,445,182,546,406,186,106,244
251,853,22,70,680,573
445,823,558,715,187,83,244,16,555,564
842,920,788,768,724,173,385,367,83,681,49,98,978,815,633,934,346,28,540,446,6,614,399,874,525
806,261,776,296,925,476,839,921,37,947,493,918,456,583,519,8,268
261,647,486,283,748,539,708,264,659,775,305,229,933,858,631,759,27,495,208,996,180,899,736,993,73,998
673,863,226,383,325,936,833,273,171,482,30,5,545,232,875,681
211,764,686,967,945,946,217,645,336,190,21,83,437,742,85,149,837,953,209,929,181,543,468,583,711,140
3,482,233,604,320,89
134,802,319,660,986,985,746,364,368,130,248,84,676,509,931,324,496,835,298,878,401,549,901,896
260,988,57,827,195,868,867,177,821,451,363,456,40,410,99,84,202,303,651,914,540,447,30,569,908,992,54,901
806,338,133,803,826,137,928,197,962,663,13,14,641,369,557,819,125,391,145,301,817,855,293,462,791,464,429,903,592,76
860,841,139,660,867,645,152,20,746,483,105,886,680,695,144,978,930,774,342,320,409,994,569,442,562,142
688,241,35,944,382,535,918,40,575,555,131,742,514,220,391,657,831,146,637,799,129,207,321,497,464,164,356,468,236
696,251,204,774,915,936,972,193,983,929,389,299,886,80,618,562,515,741
2,728,364,494,760,467,471,877,235,516,984
211,132,841,813,831,955,215,682,854,111,661,980,361,426,722,547,80,63,259,423,246
476,350
687,216,856,332,371,934,344,207,321,948,522,620,808,526
262,860,765,487,11,154,621,81,550,696,677,394,953,952,326,834,656,292,938,497,409,355,443,472,670,592
202,203,765,658,296,206,118,921,355,738,369,876,269
115,279,914,197,555,732
49,841,969,44,838,382,924,282,983,451,407,242,131,587
787,214,964,219,921,283,726,457,172,481,144,391,204,672,372,325,307,973,936,206,271,972,350,679,521,30,5,611,254
686,135,212,261,332,158,435,620,720,886,639,96,752,676,146,128,474,633,838,343,409,929,738,584,585,592,424
668,804,802,928,39,417,519,102,87,596,44,462,352,734,182,5,32,443,904,549,731,902,238,589,619,901
97,126,78,111,684,926,158,347,844,790,359,130,247
125,824,212,214,323,305,837,797,795,190,346,118,12,948,791,417,163,415,889,82,583,720
754,127,201,281,925,335,510,995,108,611,410,710,526,578,895,527
250,509,852,673,217,833,495,289,20,929,569,266,882,589,690,76
67,668,204,95,210,865,241,942,684,306,796,866,912,922,405,468,456,614,257,876,616,268,525
454,493,689,59,992,877,684,731,14,37,999
696,262,657,777,180,583,557,259,439,880,902,255
668,276,302,803,698,917,654
856,312
203,782,135,807,127,145,805,240,599,392,304,930,124,25,382,833,975,737,160,809,553,88
584,165
536,948
977,805,934,334
772,920,890,864,281,12,500,792,162,107,904,998,577
143,263,782,770,95,90,409,727,174,299,257,519,518,880,99,562,266,872,437,527
820,12,154,153,286,416,302,674,951,473,953,295,630,271,28,756,161,447,30,472,904,583,584,891,421
806,110,826,315,962,39,20,388,595,814,128,44,914,837,169,293,290,656,28,322,790,997,493,542,736,375,405,872,238,89
2,700,715,407,581,325,778,615
601,354,179,584,779,834,267,321,460
300,434
596,374,303,474,885,549
67,806,686,117,716,198,848
862,726,721,554,624,99,437,220,979,147,637,635,818,230,652,343,206,274,239,162,899,992,713,466,184,520,9
504,467,235
117,210,339,828,200,827,326,34,790,289,43,543,374,377,185,884,885,536,266,733
807,862,964,330,923,985,118,983,174,889,481,539,627,677,814,301,779,796,25,911,938,974,409,462,164,397,259,528,999
221,879,722,615,972,256,154
49,531,364,240,817,703,585,952,129,896
686,765,804,327,673,201,642,868,270,344,667,163,51,8,74,248,999
977,806,841,251,44,395,508,818,914,642,820,502,479,844,523,458,6,358,232,562,515,551,424
505,405,539
751,744,514
811,676,673,672,136,46,179,924,937,921,654,747,457,183,569,700,356,608,537,459,553,562,527
117,989,79,762,649,642,928,381,197,926,13,949,39,726,627,99,414,706,126,755,204,930,46,655,347,491,352,465,541,234
117,699,367,953,998,425
214,862,90,229,953,330,820,495,165,37,163,287,725,904,244,902
328,200,312,757,352,357,7,31,891,236,100,602
861,220,828,240,124,633,371,18,196,496,948,173,714,608,65,906,81,8,590,591,88,602,76
117,766,981,176,960,174,740,608,516,742,122,582,499,650,478,656,502,208,274,500,974,522,409,374,184,471,472,878,875
203,338,222,138,598,329,303,660,291,297,990,919,377,231,547,607,459,871,525,425,247
659,506,144,752,979,689,771,760,803,672,136,963,217,408,365,52,876
687,300,145,39,821,155,444,199,620,556,72,731
492,479
977,658,44,22,963,855,177,292,947,11,641,379,745,278,369,472,614,459,269
214,315,34,13,287,173,419,604,979,224,304,818,341,293,778,936,292,792,717,426,446,713,529,905
349,686,976,232,474,566,33,615,254,984,497
772,597,890,864,827,281,333,943,24,119,417,408,452,879,369,396,83,74,437,733,247,999
435,967,179,876,70,243,654
78,658,94,777,316,956,23,325,778,196,309,665,37,543,340,257,566,895
813,903,681,744,267,284,895
861,135,179,746,451,414,743,959,125,658,124,837,371,344,501,271,321,167,460,291,540,521,182,183,120,591,998
220,79,674,149,868,650,274,155,939,559,904,740,894,130,412,255,514,141
678,222,776,968,319,803,47,970,25,361,14,311,168,273,286,452,879,532,40,65,537,420,708
696,824,716,683,622,981,575,326,516,515,769
906,883
429,610,532,946,53,320
726,786,558,965,160,243,999
687,506,658,82,473,233,141
212,764,137,383,644,288,364,150,918,269,266,755,250,814,774,394,836,497,679,273,275,1,258,566,896
943,662,947,746,727,888,198,243,391,694,68,814,93,46,29,209,426,544,184,359,399,563,527,76
823,785,966,965,945,922,748,746,109,621,65,607,552,99,304,837,166,26,496,756,939,3,713,543,340,72
678,220,842,958,96,205,128,674,195,370,155,792,10,182,554,233,568,423,561,74,588,619
763,355,364,122,672,18,253,947
772,69,750,113,308,645,27,667,435,1,186,472,519,422,902,999,690
138,851,935,488,12,38,360,279,404,738,172,401,583,613,547,420,142
784,726,9,839
668,338,637,329,800,930,633,187,962,947,208,748,289,493,907,468,401,893,704,872,256,576
203,240,869,642,748,601,746,888,623,399,733,75
802,674,303,111,22,663,709,654,152,458,809,586,564
250,752,172,877,651,808,665,641
781,750,786,213,671,643,330,206,655,767,309,434,888,738,884,609,567,549,8,602
17,15,336,191,986,984,640,360,625,560,222,94,226,227,342,325,971,208,543,565,587,526,898,256,141
735
825,570,788,151,245,412,577,628,250,755,657,148,341,306,709,759,938,297,356,257,549,900,730,142
202,143,250,638,951,295,970,382,857,196,664,757,454,357,6,627,253,593,602
920,860,669,784,314,176,313,729,451,415,886,744,143,771,753,121,226,149,371,26,719,877,32,876,670,403,619
453,677,263,544,136,149,856,797,373,898,810
391,69,693,581,475,129,666,912,276,417,375,7,622,556,808,9,402,254,448,883
772,281,140
754,212,260,261,339,856,15,985,640,717,714,710,587,871,60,413,708,528,527,514
850,204,822,823,283,835,161,463,239,719,446,297,532,714,681,592
134,774,270,655,166,26,821,665,497,1,615,249,514
699,538,478
505,669,657,509,760,957,214,194,333,937,156,311,350,489,653,352,734,10,483,441,905,527
116,44,761,853,636,91,923,834,833,667,844,540,353,171,354,893,410,414,744,247,690
358
763,260
96,635,316,201,214,956,24,857,331,461,153,600,416,992,7,739,388,174,245,52
78,390,955,851,760,392,644,478,118,418,601,716,162,181,358,620,614,626,808,680,549,708
755,499,928,217,923,348,162,180,542,367,720,424,89
976,676,293,343,218,926,34,974,641,161,440,259,897,131,89
861,822,179,928,485,644,218,986,984,269,63,100,883,596,751,122,44,341,477,995,710,423,692,733,564
299,499,320
49,812,693,955,787,966,295,477,346,174,6,614,586,265,85,424
94,304,826,672,24,25,289,546,472,65,898,266,265
989,823,112,682,35,170,621,264,67,657,816,854,957,775,124,444,997,463,523,182,541,879,443,376,871
668,58,19,862,219,848,34,416,62,518,681,247,202,696,145,673,709,346,859,322,494,992,259,563
338,571,213,649,827,644,961,190,193,922,726,888,533,248,143,66,694,598,229,933,308,857,28,10,428,357,299,9
943
367,532,169,53,925
668,825,783,954,684,857,272,7,32,588,902,628
696,221,658,828,225,818,762,18,326,857,833,477,640,352,480,873,586
180,524,980,477,592,283
144,114,393,225,829,178,643,381,970,952,632,452,297,623,907,574,402,555,235,101
687,686,832,954,36,326,335,729,472,53,398,568,552,691,424
781,138,802,940,39,601,749,680,518,414,266,126,755,66,812,148,92,914,323,474,26,630,409,569,9,589,528
687,719,828,328,230,140
825,841,689,68,91,487,294,982,119,810,996,445,432,40,242,874
48,840,138,698,372,767,273,904,885,105,518,628
764,263,989,857,758,922,355,466,537,536,603,629
825,77,319,113,949,11,748,436,558,574,538,459,86,412,657,580,673,187,796,972,479,497,357,298,543,547,425
668,987,954,817,197,5,104,681,439,517,525,248,902,256
49,512,774,245,244,343,925,886,485,577
597,831,823,582,930,91,474,642,217,373,495,164,441,554,606,589,592,576,76
958,96,392,967,800,137,383,371,916,839,640,844,540,365,40,396,65,720,605,517,618,86,100
116,765,571,94,304,333,330,926,189,767,193,717,430,443,608,234,459,702,550,882
48,773,770,371,176,848,793,360,494,278,357,470,184,299,711,71,872,901
771,45,888,762,159,382,27,37,265,322
865,638,136,581,950,980,189,833,929,286,287,992,614,232,722,265
830,59,890,111,661,34,489,974,679,540,378,991,551
132,822,214,928,961,365,389,87,705,514,85,677,391,560,582,303,651,650,757,491,716,408,429,465,494,992,878,585,448
828,430,539,397,592,412
682,227,23,519
531,764,251,542,672,110,809,64,568,819
639,44,570,648,508,124,324,25,361,793,360,29,353,543,456,4,160,459,681,81,902
417,434,482,520,377,137,217,326,615,926,266
451,405,888,224,546,862,281,231,858,87
782,728,58,149,331,655,193,667,564
513,171,657,738,760,92,342,308,346,28
531,462,675,148,953
822,805,138,803,196,848,285,170,365,436,511,65,573,741,830,850,774,91,166,912,348,429,30,990
669,765,969,828,864,19,788,925,530,727,622,264,977,696,146,329,915,795,207,271,273,409,929,297,376
843,807,300,132,580,91,315,197,848,13,361,362,938,152,429,287,623,908,470,468,819
659,211,989,391,841,300,639,813,95,392,46,642,383,229,953,335,974,1,876,615,606
843,69,504,674,47,341,187,486,159,361,936,193,983,908,889,878,53,80,536
782,78,829,213,961,14,846,510,367,64,575,550,204,93,954,323,229,915,858,916,291,428,991,616,448,422
781,860,989,988,968,23,342,950,859,118,360,511,534,907,558,299,545,809,83,265
668,338,59,766,649,18,868,13,192,728,723,572,439,505,594,506,127,850,596,599,306,25,309,30,299,894,589,732
115,685,214,644,866,311,821,41,539,439,550,390,658,393,323,632,189,307,936,322,790,358,396,891,587
598,647,481,853,778
804,51,928,312,267,290,924,479,896
338,751,789,22,914,187,13,984,939,119,161,463,428,544,356,410,253,629,265,100,255,690
220,689,802,785,92,136,195,373,917,313,196,910,336,477,282,409,275,600,405,398,880,602
164,610,633,197,552
861,338,132,240,318,241,800,19,195,980,14,556,885,707,66,776,750,777,633,307,758,859,168,500,440,374,909,583,584,561
669,138,761,179,798,315,779,311,530,415,523,174,468,173,584,555,624,618,561,102,708,730,603
919,371,586,326,767,488,667,706
252,890,47,672,826,963,324,330,631,325,158,168,415,713,356,107,547,414,425,741
126,750,581,838,855,476,344,795,767,156,334,351,38,716,378,728,714,8,780
221,95,261,304,227,326,857,985,844,415,431,715,430,900,705,602
117,765,967,800,55,330,485,118,119,289,702,706,772,699,635,672,655,501,972,630,912,461,273,232,875,904,70,398
135,276,736,482,906,54,922
454,907,24,585,399,191,501,311,836,256
125,814,658,635,475,632,491,447,623,481,414,692
783,397,476,53,744
78,261,766,393,917,176,924,859,511,363,452,82,398,399,423,744,140,708,603
606
712,154
678,513,773,43,776,257,52,906,158,501,142
59,341,834,266
996,67,748,353,736,665,337
212,841,646,648,213,214,176,983,152,436,728,82,61,577,126,300,223,671,855,346,540,791,375,471,903,421,898
772,212,597,581,254,859,793,292
48,955,699,136,188,837,952,290,937,164,736,541,32,185,490,722,70
735,150,278,188,257,233,743,350
111,660,332,33,380,641,600,286,456,83,265,882,144,771,638,697,508,325,793,351,716,995,494,908,400,256
79,132,822,146,112,226,862,789,321,193,462,6,108,703,403,881
132,95,828,228,296,769,756,452,30,387,419,893,1000,246
67,139,800,56,862,651,335,983,497,510,175,406,548,242,103,561
885,12
416,395,918,572
694,822,751,303,644,641,993,442,83,65,70,9,103,617,708
143,812,807,571,803,638,787,930,508,188,325,309,495,821,947,488,719,389,375,538,105,873,525
752,864,638,235,274,38,628
540,222,94,673,982,281,190,654
689,121,761,502,28,170,21,378,493,363,199,368,723,566,50
773,77,371,910,13,501,348
144,504,750,643,381,952,960,938,653,719,737,428,723,439
812,215,864,92,671,35,662,295,475,313,208,386,724,556,398
669,812,339,215,940,294,951,383,651,634,928,296,961,632,655,910,364,164,919,299,160,744
832,390,535,636,307,589
646,215,966,762,945,666,454,535,743,516,98,958,694,637,816,501,630,792,500,440,377,714,904,583,420,254
512,363,494,183,480,609,953,267
224,304,862,664,972,653,500,446,297,548,420,705,76
824,686,805,77,648,55,486,663,154,170,386,749,627,884,518,552,266,202,146,658,68,852,890,951,936,795,292,1000
53,399,795
582,292,50
140,422,653
662,615
171,597,416,215,802,44,699,499,808,178,1000
989,78,146,941,800,46,179,473,923,7,884,439,100
540,120,71,730,460
956,508,933,105
456,866
824,830,93,225,817,179,499,868,971,857,501,910,29,192,273,493,1,510,174,199,722,518
220,53,254,975
116,785,787,17,928,985,334,418,457,42,703,519,705,128,302,301,293,855,308,463,737,494,278,375,529,590,872,527,619
465,651
765,115,688,869,190,924,38,12,729,174,919,744,85,205,188,373,129,937,498,491,353,2,492,569,185,422,592
221
352,327,723,833,708,924,604,76,335
144,68,955,581,217,953,476,176,326,923,366,747,729,364,150,535,172,886,268,86
222,823,133,688,146,240,44,851,111,169,946,928,632,917,985,11,162,289,163,724,545,64,264
763,687,861,113,774,854,845,435,491,340,40,904,269,268,731,602
935
831,287,535,776,777,583,402,414,256,835
843,860,669,804,146,582,774,214,956,652,218,986,155,453,622,621,905,422,872,437,255
132,760,216,682,11,118,283,728,573,624,578,629,773,252,675,295,839,972,793,276,10,712,299,875,547,615,874
830,221,494,40,940,935,960,248,413,983
68,805,504,223,216,817,296,936,478,154,364,466,259,73
744
365,842,298,148,406,584,898
646,507,137,227,188,280,644,477,759,719,457,258,670,552,618,706
601,689,77,802,185,370,574,372,872,38
595,988,822,750,777,801,91,652,280,866,361,655,488,378,747,232,614,711,448,731
760,786,312,13,156,11,288,625,707,265,741,628,754,979,390,224,328,93,636,201,970,29,273,298,185,998
788,194,980,846,623,80,720,62,677,221,205,851,225,673,23,129,500,493,468,376,566,711,423,898,870
813,796,313,881,563
841,47,645,944,310,336,844,454,269,625,880,424
804,823,967,383,643,381,159,197,336,192,748,530,623,173,367,780,66,832,94,851,149,188,834,320,396,400,871
138,966,18,644,962,156,282,432,537,625,60,130,126,303,496,272,793,28,3,929,352,6,374,543,548,402,549,76
806,825,571,826,982,15,662,16,152,726,368,749,173,780,97,221,227,343,326,344,709,272,759,913,167,542,875,141
143,812,145,801,651,962,308,16,190,992,368,299,185,614,556,71,402,743,84
69,765,816,966,931,964,177,313,655,209,747,429,164,623,183,432,368,518,259,880,60,439,780
317,485,33,970,350,793,974,531,445,162,541,184,458,724,385,258,903,701,235,882,896
211,262,783,127,786,775,394,230,228,660,486,666,435,567,437
134,220,202,827,982,13,937,28,756,498,948,154,995,739,992,65,80,887,437,902
540,979,354,828,469,799,315,536,526,733
280,419,680,576,247,816,957,652,798,971,129,794,461,913,426,181,277,278,185,4,376,53,586,592,902,901,527
67,785,683,241,315,444,352,375,405,244,398,549,587,998,515
822,750,216,965,306,336,193,667,835,641,365,747,451,446,32,31,403,720,572,267,730,589
128,760,113,201,581,634,27,821,985,334,726,375,443
841,204,77,987,890,961,974,335,417,624,591,100,424
825,95,390,41,137,827,904,412
842,212,682,827,178,218,435,729,558,724,64,82,517,66,751,598,671,633,916,373,345,656,734,4,160,529,711,588
505,752,94,301,697,343,797,308,196,27,207,321,453,734,736,375,520,583,566,720,265,896
687,782,212,822,639,46,306,188,320,975,7,297,41,258,626,743,515,603
223,967,93,316,187,333,961,191,531,994,181,992,440,356,533,621,878,82,568,438
841,689,214,944,191,334,360,729,726,627,886,536,130,705,506,250,651,499,837,371,25,522,734,492,401,53,549,588,730
78,158,921,844,748,722,884,607,413,128,675,581,916,911,759,972,427,378,405,738,469,876,422,588,425,1000,690
67,959,773,695,59,112,802,113,777,635,925,11,654,366,10,542,544,359,549,731,872
783,805,214,336,284,38,724,555,602,220,976,560,770,205,390,817,394,855,950,759,347,162,544,584,420,999
811,689,222,840,146,91,965,342,820,502,921,347,793,769,322,150,446,107,884,62,578
781,976,837,778,475,362,821,948,273,369,359,704,885,62,103,76
79,890,684,306,916,484,857,25,39,666,993,404,234,411
191
97,831,115,580,637,571,319,829,395,17,964,644,475,337,27,190,38,483,583,587,235,619
781,694,889,299,809,662,166,603
388,598,973,284,155,37,667
33,399
49,772,66,338,94,651,962,795,502,492,446,184,533,909,430,875,120,398,8
114,647,136,227,931,982,341,915,858,497,513,521,718,888,186,472,481,52,459,62,590,412,265
353,428,745,675,931,270,477,653,603,922
688,596,504,94,281,39,181,109,612,481,472,720
806,176,866,192,64,884,554,555,130,629,411,148,582,971,352,523,182,469,548,809,613,526,235,902,619,424
861,211,48,760,214,341,962,650,653,12,288,152,737,739,726,184,621,567,519,605,592,883,870
202,319
747,215,148,467,91,296,307,266
349,263,390,327,927,305,485,835,273,363,164,109,700,533,701,554,423,602,411
58,829,342,331,158,859,208,12,922,726,471,386,714,554,872,588
366,240,713,817,394,894,476,632,998
66,121,637,786,685,313,847,321,428,745,7,724,877,258,606,448
113,967,965,661,177,313,645,16,866,724,703,519,104,131,249,776,638,370,23,342,165,321,494,712,738,690
806,147,941,301,194,928,290,427,522,2,20,995,297,6,376,898
366,745,571,340,35,616
262,79,1,452,992,139,90,474,331,527
221,132,979,815,93,303,323,332,847,522,365,627,609,710,589,237
6,400,834,76
48,804,391,69,987,191,836,983,991,670,80,63,87
212,865,137,636,697,946,630,653,350,948,790,610,198,991,740,904,710,536,705
138
170,824,408,417,278,443,294,945,333,61,846
694,318,761,664,949,1,30,184,369,627,743,692,592,551
69,978,139,927,964,476,778,558,894,459,680,624,54
623,199,684,539,894,320,437,193,75,654,690
211,114,802,113,280,191,362,948,533,621,918,576,959,830,597,148,651,309,546,904,70,587,730,562,253,563,998,564
860,126,773,695,786,33,206,291,994,470,993,298,258,707,101,619
658,318,137,866,833,29,679,418,171,791,181,515
638,213,310,730,794,273
772,658,128,148,582,788,932,633,981,980,496,444,354,993,374,565,257,567,555,880,76
392,317,383
842,570,316,35,789,767,311,748,108,430,63,605,248,266,603,412,126,638,636,344,975,444,465,30,543,738,467,993
205,70,880
543,455,714,17,858
241,682,642,39,924,380,641,453,368,130,550,202,126,854,227,293,187,326,477,975,996,735,994,163,494,443,402
940,103,475
601,727,122,537,330,604,498
45,113,185,635,775,384,607,191,74,690
239,766,452,318,582,342,268,423,351
506,114,596,787,940,344,795,630,28,11,322,363,183,908,539,244,253,563,883
843,805,195,661,944,767,960,434,724,884,87,49,251,46,341,24,272,911,209,540,719,736,448,901
734,609,396,970,362
522,727,388,405,396,332,65,495,902,154
668,987,147,838,633,169,159,849,375,174,419,584,421,681,266,708,603,85
67,300,987,94,301,93,638,863,92,317,219,921,715,891,615,578,448,898,604,708,100
263,78,766,331,645,156,21,153,171,554,202,391,504,831,815,673,47,631,797,500,275,610,738,612,469,231
659,45,683,642,178,644,724,406,456,269,549,555,902
806,784,658,685,817,22,372,217,495,531,445,363,993,406,703,872,255
601,428,225,234,156
444,153,831,785,554,615,233,380,155
787,642,219,18,485,310,289,153,367,105,881,550,976,203,560,370,343,496,654,209,352,879,231,591
832,69,96,596,987,969,649,310,337,996,466,534,520,481,403,268,707,617,898,732
163,507,508,915,632,500
806,841,327,660,934,285,911,436,404,107,905,439,88,628
647,682,800,661,926,768,153,198,243,248,412,602,636,799,473,308,274,912,444,426,524,736,566,585,615,449,593
333
262,958,989,95,864,774,201,827,797,970,972,193,756,29,119,30,42,439,900,780
843,969,847,362,666,983,600,889,627,557,269,459,976,773,94,698,915,324,630,975,716,738,401,448,74,527
669,503,139,950,476,272,641,444,512,287,405,889,611,532,548,704,590,248,617
977,349,98,882,576,424
250,133,394,789,855,384,663,477,844,379,365,995,447,401,244,70,567,259,517,248,708
304,856,643,159,796,655,271,5,4,72,702,448,618,247,89
486,18,330,985,700,243,680,555,553,772,812,252,954,93,508,293,324,709,347,429,875,894,549,618,425,141
940,383,661,307,495,736,185,358,545,903,780,902,999
764,205,77,968,965,652,484,997,464,151,183,108,367,559,233,140,238
992,649,868,488
521,942,430,862,235
806,646,826,964,848,665,171,533,99,743,675,814,121,301,956,499,971,778,796,656,792,719,523,739,548,231,238
655,882
822,111,33,325,650,450,604,14,732,641
668,860,77,115,598,671,951,798,342,845,641,288,718,7,564
763,203,988,95,224,302,318,46,383,797,177,291,12,379,544,374,105,567,871
763,673,216,818,915,946,796,157,290,986,679,180,888,622,108,583,529,83,680,537,573,253,690
860,159,153,64,538,104,882,678,976,770,328,930,228,474,855,972,836,653,929,2,734,297,470,356,872,563,76
116,920,969,315,664,450,768,512,746,109,82,459,573,414,437,629,750,92,344,166,502,938,714,549,587
787,982,36,868,644,330,38,452,627,680,87,84,390,930,226,323,272,478,10,569,298,612,584,894,259
364,725,903,681,166
765,750,532,269,905,709,847,708
94,405,801,34,949,690
696,339,890,19,915,971,33,943,25,331,2,287,160,891,85
110,179,982,866,34,20,919,555,437,977,300,658,753,327,508,581,323,858,320,756,348,791,713,715,670,905,871,588
416,816,622,194,27
143,807,117,969,318,241,778,917,540,366,426,163,713,172,918,723,567,414
202,668,988,752,646,683,122,673,111,383,15,857,836,192,409,180,433,363,725,186,403,402,586
843,808,949
806,540,530,850,535,386,875,189,207,690,706
865,484,821,531,621,62,131,102,605,603,438,577,251,188,473,208,479,322,790,908,377,299,469,808,398,731,619
117,338,308,526,478,168,629,50,192
770,598,480
825,784,786,966,56,925,484,768,288,747,245,886,977,251,370,341,23,293,934,970,189,165,405,713,401,584,234,892,525,256
379,988,339,993,25,938,883,119
977,132,393,7,419,8,189,898,836,870
216,966,962,923,984,600,455,573,536,743,754,958,699,226,187,650,952,26,972,239,405,526,618,74,256
828,829,329,56,649,218,272,794,846,321,835,360,810,353,716,388,702,248,85,438,999
597,223,395,636,91,797,34,479,792,748,458,918,714,809,459,568,61,708,872
595,250,686,693,146,831,698,956,169,846,845,921,521,511,182,357,109,70,887,449,898,732
688,333,943,926,640,745,42,419,574,60,265,437,392,225,47,22,341,476,292,679,409,408,544,471,991,71,589,690
116,816,699,122,950,343,544,41,367,70,259,707,619
693,363,405,216,160,317,589,603,628
48,674,393,829,945,704,585,819,847
57,35,177,151,532,61,830,68,890,147,931,794,461,679,522,427,735,444,523,405,712,585,561,999
659,451,978,469,376,232,789,489,192
988,945,380,171,239,162,534,432,993,472,567,553,525,61
695,7,723,801,855,670,34
202,433,277,205,637,458,761,787,55,64,910
187,902
535,699,228,605,986,921
97,338,213,940,797,916,917,189,153,745,879,738,5,358,627,681,624,741
843,316,965,281,944,288,530,436,572,886,514,204,47,123,837,270,970,910,735,163,542,443,232,120,234,50
765,685,649,176,450,336,192,531,729,150,510,41,620,244,572,607,249,773,979,673,228,631,373,834,938,180,278,715,8
765,241,762,848,821,666,435,288,748,574,608,60,67,144,693,44,777,838,917,7,878,160,893,400,53,616,901
842,802,863,178,644,34,380,489,154,624,99,202,125,200,303,498,790,180,352,1,182,359,31,472,258,731,590
647,660,645,310,288,889,41,627,539,268,131,576,125,251,814,658,223,499,839,373,129,500,792,2,521,407,566,585
252,224,213,957,499,285,859,756,322,353,299,70,253
521,454,278,852,888,674,121,370,858,742,706
696,163,504,779,373,423,131
763,260,339,683,966,788,965,55,487,949,14,118,983,625,104,69,227,228,293,974,348,545,443,566,617,424
958,509,44,957,508,838,914,473,475,735,418,463,258,875,900
260,784,139,111,13,921,559,572,579,413,602,203,814,890,304,395,956,581,953,373,207,29,792,718,356,377,407,376,255
349,841,915,970
379,221,807,252,753,328,635,188,498,902,974
43,374,864,407,586,60,602
219,333,361,845,454,457,107,84,755,958,676,149,226,856,293,915,779,709,756,321,354,992,610,233,402,238,896
349,988,215,241,201,227,384,371,936,274,209,974,3,379,530,494,184,397,99,525,576
135,828,826,17,16,336,924,922,918,245,575,267,958,594,392,837,679,429,544,469,4,396,526,692
678,989,686,115,213,930,22,511,441,369,32,520,878,232,561
1,888,785,760,800,201,419,731,985
260,935,478,948,38,171,995,724,185,367,714,105,420,587,264
805,816,582,111,370,838,867,366,712,621,990,472,80,120,140,411
812,212,978,750,799,473,952,326,191,445,436,40,385,714,403,9,549,242,517,422,237
765,138,136,316,660,487,963,484,663,157,191,193,365,386,701,81,815,750,954,630,899,876,398,902,528
678,19,800,761,965,381,980,779,921,489,835,444,434,543,621,468,245,565,670,105,9,690
812,126,200,672,35,855,923,166,488,416,151,108,443,892
136,799,631,330,343,176,291
313,517
775
668,807,195,156,769,513,434,480,703,459,519,537,607,572,881,48,976,598,427,492,463,523,340,31,809,420,998,141
860,803,682,964,961,157,170,436,604,705,629,560,813,751,635,798,970,656,464,297,713,906,1000,528,564
776,137,326,734,378,736,151,32,160,559,9,562,902
48,44,481
840,800,384,778,373,176,960,630,337,947,497,482,174,109,42,441,704,730
48,355,804,828,909,946,197,873
317,55,137,643,315,159,846,821,488,700,627,269,680,681,604,127,223,638,92,651,837,759,492,466,543,160,70
160,245,808,849,972,193,360
134,941,942,383,36,925,729,286,175,889,539,575,555,413,979,24,916,759,347,497,322,522,542,428,401,75,895
800,456
646,111,315,484,13,360,746,415,725,918,703,625,248,69,751,226,671,306,857,28,274,479,408,899,712,612,614,616,234,402
695,121,932,384,943,488,286,415,398,588,266,84,528,602
115,969,643,197,217,849,16,365,535,455,620,248,550,220,959,97,145,771,751,294,341,632,498,546,406,469,909,584,525,588
997,610,186,105,933,808,868,331,871,525
822,316,158,335,434,471,538,9,140,897,248,733,577,246
211,78,132,571,662,39,489,623,175,367,885,87,576,220,832,127,148,817,914,779,320,477,447,441,299,443,730,142,589
261,16,513,42,455,481,62,80,681,573,706,811,506,639,598,652,717,353,465,992,712,520,396,9,403,526
754,67,954,241,200,788,662,313,176,310,522,379,995,151,607,628
21,800,966,651,660,568,156,28,844
899,133,829,967,627,565,22,371,680,312
211,135,987,646,571,319,200,214,35,157,630,409,791,162,700,377,878,538,573,439,449
595,766,852,395,219,306,295,26,911,192,20,492,42,359,358,627,722,554,744,515
689,113,241,178,34,12,483,918,268,518,437,97,300,393,581,797,937,278,354,713,184,376,875,565,566,53,998
436
747,451,324,971,254,249
96,78,210,785,509,914,370,293,189,936,972,321,938,922,360,719,908,298,612,340,704,905,902
263,212,59,318,56,685,862,643,380,97,251,814,128,504,954,294,933,837,290,972,790,446,354,183,529,871,561,1000
687,505,216,951,946,33,489,728,727,199,468,611,880,246,999
718,784,955,672,749,918
220,494,693,215,956,614,305,23,402,528
116,824,213,789,660,330,196,488,922,416,199,720,606,595,957,915,476,857,912,757,835,409,446,737,5,545,54,898,593,50
204,569
824,59,216,787,789,963,361,174,108,703,243,413,514,506,657,95,24,859,756,975,792,524,465,613,9,424
79,766,17,868,943,986,311,105,505,976,598,817,672,799,857,495,717,716,277,904,398,254,618,730
45,509,787,788,915,187,25,491,276,30,725,160,809
950
113,110,928,925,13,489,531,21,434,108,430,609,754,812,694,635,799,793,995,714,875,401,873,399,238,88,870
766,927,337,513,287,483,40,106,886,681,743,780,67,773,95,93,930,914,341,292,208,974,491,6,520,396,904,584,892,1000
19,137,788,946,485,361,335,530,43,720,887,125,693,814,302,499,839,810,353,31,568,900,253,896
435,586,706
782,599,954,967,649,229,916,961,985,477,165,347,334,498,435,513,409,164,363,578,517
423,922
969,318,647,671,346,37,453,162,990,881,562,872
675,58,699,650,295,326,521,7,467,173,627,893,529,608,397,268,259
163,783,94,106,555,937,256,844,76
689,863,945,295,208,489,462,471,532,397,233,63,898,883
426,530,823,751,507,885,325,859
318,333,981,980,196,16,156,417,511,99,659,755,850,93,777,697,228,915,758,500,164,466,357,714
719,766,113,64,90,189,249,12
958,594,298,485,518
811,212,969,240,776,651,326,361,155,921,445,426,716,542,174,160,532,614,232,106,249,590,902
908,918,904,653
959,250,301,219,372,962,796,716,433,429,569,357,903,547,905,731,235,411
812,45,954,139,800,395,648,187,24,844,360,740,402,702,579
77,849,662,848,952,923,847,479,348,289,736,738,877,402,142
781,822,214,927,981,330,663,361,190,601,415,42,175,481,723,702,831,205,777,957,394,935,917,501,181,377,31,691
969,968,648,35,313,666,483,749,419,707,605,577,752,635,698,306,975,996,445,278,30,713,878,906,259,142,593
535,621,359,933,946,308,526,924,592,291
181,593
216,139,801,36,381,489,365,482,919,62,680,819,130,814,596,776,392,953,326,972,321,938,273,180,398,730
801,980,159,866,944,846,21,286,738,455,548,901
66,78,814,128,776,226,636,324,867,159,382,285,290,462,379,541,612,443,611,740,131,550,603
352,1,259,707
860,117,59,35,362,38,703,681,102,516,780,595,676,699,329,951,344,794,495,461,540,521,736,406,529,421,235
48,693,138,47,56,394,179,643,473,475,973,924,513,747,737,151,5,31,421,259
806,812,560,224,863,671,324,28,322,491,416,356,369,401,704,906,247
314,964,894,874,165
149,775,923,709,666,530,408,377,368,612,443,397,906,63,420,579
370,680,217,330,666,264
781,840,213,660,336,150,889,108,609,539,573,99,629,677,832,123,798,324,296,858,779,936,29,444,523,999
754,657,947,237
211,275,929,286,318,683,471,711,586,479
220,813,766,683,214,788,927,661,496,310,275,180,467,406,710,437,628
164,175,185,873,916,249,346
505,784,133,195,159,196,16,654,409,716,721,420,881,629
685,214,281,34,769,12,415,199,480,40,81,268,514,677,658,774,633,270,917,461,352,468,583,234,731,254,525,141
840,853,951,985,453,929,541,389,535,749,584,578,50
338,315,333,664,284,118,282,601,559,268,49,220,69,45,201,797,189,307,475,497,352,277,231,891,585,895
823,318,762,684,178,485,312,176,311,418,558,559,245,680,459,268,675,226,46,394,188,229,632,25,271,911,717,464,406,31
125,595,689,78,675,867,848,320,502,911,498,292,283,793,756,151,387,52,234,267,411
240,954,863,46,946,891,923,167,527,896,757
222,676,459,246
203,840,816,226,951,187,644,372,935,834,190,337,540,996,436,446,120,412
754,134,996,302,885,485,14,283
811,996,182,534,410,325,896
542,215,534,470,137,231
503,599,509,642,935,757,983,322,153,464,736,468,538,607,897,882,589,255
659,220,639,571,570,846,654,276,907,533,871,898,604,247,780,705,50
170,734,370,624,961,666,412,619,154,282
693,121,580,776,324,980,310,794,656,165,321,739,356,410,711,624,86,587,256,551
240,383,928,34,11,369,107,64,575,696,754,677,126,596,301,44,478,3,734,899,739,184,490,873,72,590,527
669,823,59,316,964,642,921,513,889,723,456,86,61,551,125,755,753,223,814,200,854,227,934,810,72
3,203,198,457,726,598,818,853,31,46
748,746,693,115,223,520,91,70,420,999,141
669,766,215,44,685,508,927,384,925,834,345,429,287,990,386,481,232,904,70,624,606,576,514
262,210,966,39,768,488,244,62,678,830,814,598,837,26,274,273,359,612,186,233,897,898,872,562,592,141
687,842,865,968,649,18,373,779,664,207,154,462,286,415,907,749,704,537,603,247,576,514,628
861,659,98,824,842,117,786,316,684,946,971,310,14,192,354,388,611,54,254,553,238,75,901
115,814,318,319,967,392,957,169,795,767,29,522,153,493,452,182,374,407,702,587,84,741
213,324,311
805,828,214,661,921,38,728,888,889,609,740,537,578,579,639,795,911,972,569,543,584,874,75,425
203,127,987,683,149,964,129,150,558,407,605,256
215,314,869,315,382,334,701,516,576,515,126,978,327,226,476,475,10,357,356,990,258,232,894,871,902,593
67,344,632,924
262,764,716,994,164,226,635,827,606,758,498
976,783,966,635,325,373,664,654,154,543,468,611,548,740,608,906,259,424
133,968,684,644,820,489,512,415,533,919,249,437,755,503,393,303,188,350,28,835,161,409,162,164,494,183,52,585,586
202,814,147,213,56,124,370,789,661,187,980,166,284,947,347,451,623,407,556,420,870,741
493,906
440
133,865,868,847,435,289,369,609,701,103,63,99,101,604,576,411,143,594,300,307,206,502,972,656,715,5,234,8
776,787,226,833,756,283,641,273,454,543,534,873,81,780,628
288,431,684,894,554,501,984,563,274,974
144,716,799,257,402,26,679,335
752,226,296,372,936,792,273,462,451,72,437,89
407,421,274
435,719,823,467,55,703,208,912
687,772,669,117,672,826,347,292,793,938,418,493,622,472,31,537,549,74
977,599,328,19,137,634,963,758,641,428,431,888,388,63,905,743,895
781,98,215,138,110,304,200,862,188,228,295,664,938,438
354,213,469,662,906,206,380,237
58,57,570,19,788,684,15,641,20,389,483,82,459,517,96,978,753,94,301,473,166,309,292,278,906,526,74,591
782,689,339,241,761,19,648,684,33,21,623,367,63,202,694,68,227,914,651,915,971,24,167,427,494,442,234,593
959,251,145,753,301,869,838,643,280,650,601,463,541,164,385,609,52,259,731,898,579,733
735,151,226,644,484,859
48,842,832,694,597,261,55,124,293,284,640,28,292,521,908,712,410,584,120,72,268,578
763,216,762,179,928,37,704,268,101,300,978,328,294,778,857,290,500,939,408,713,909,583,906,567,399,142
69,302,121,148,826,663,166,847,495,985,288,522,493,523,718,7,623,726,569,376,611,614,568
211,116,687,782,203,222,965,230,951,845,497,488,167,679,735,748,454,493,725,720,413
203,56,226,853,320,118,735,510,908,174,175,877,627
391,535,750,892,645,477
349,686,596,123,47,294,229,946,759,427,716,387,546,142
452,647,467,81,536,857
772,68,124,317,16,796,923,924,653,460,351,717,512,180,719,297,385,627,886,423,550
540,144,352,128,760,775,575,960,479,141
822,45,93,227,788,331,484,285,361,346,156,289,445,452,287,375,419,31,609,561,100,237
668,695,675,950,758,273,282,844,427,379,181,990,421,53,63
115,626
318,646,648,110,178,325,641,209,899,452,535,375,739,387,397,234,681,81,702,561,235,896
49,754,675,148,663,834,911,209,530,559,627,53,439
977,503,751,42,853,952
97,114,724,788,981,554,896
763,134,988,750,815,647,93,598,123,22,370,191,948,163,995,613,885,887,578,692,253,246
824,804,215,312,382,218,960,362,746,728,363,386,573,576,411,595,395,124,916,296,794,912,654,835,276,233,525
669,694,955,967,227,305,834,495,335,239,286,364,389,510,545,894,72,552,254,730
316,962,177,926,985,601,726,621,702,102,579,882,752,205,68,45,200,581,324,408,10,181,610,442,903,53,526,588
480
505,110,863,931,642,187,270,320,337,460,2,456,556,410,585,616
277,865,955,712,980,916,448,13,972
686,689,921
250,813,657,223,281,169,33,632,307,129,193,653,974,479,198,358,87,872
250,79,752,205,598,57,195,981,381,477,656,154,948,21,427,352,716,2,357,456,514
570,924,417,363,888,919,106,248,438,97,816,916,189,344,320,495,734,279,469,51,670,398,905,142,425,593,527
668,764,79,210,319,761,648,684,643,154,535,620,537,887,880,61,551,349,503,915,25,272,759,735,995,30,907,732
116,689,822,942,336,192,748,171,704,269,202,143,66,694,637,750,839,502,479,717,278,441,340,376,588
807,338,133,240,645,748,151,385,706,577,754,596,22,341,229,758,28,938,352,378,5,472,906,54,449,592,142,902
646,138,827,664,190,889,558,918,704,554,819,578,776,343,650,952,656,29,445,993,376,894,906,905,587,900,592
772,339,671,169,961,361,939,511,879,109,40,430,680,54,237
152,384,926,81
668,59,210,940,195,315,986,924,289,43,744,414,248,602,772,857,321,835,445,426,441,809,891,399,259,593
783,980,16,157,820,947,364,198,107,95,224,652,632,502,630,379,5,545,232,401,565,8,587,592,527
687,296,381,655,821,705,983
598,343
782,762,644,381,313,380,154,553,246,252,582,932,499,837,916,344,477,168,994,120,54,233,731,593
677,338,658,817,303,965,931,370,228,35,634,962,308,794,292,428,623,457,568,618,236,140,235
754,877,863,632,254,985,28
783,122,200,878,633,567,271,425
782,968,786,113,213,119,288,530,727,623,535,105,880,695,126,771,856,950,650,569,991,613,691,896,564
772,132,392,329,23,16,944,847,283,793,154,717,435,530,542,719,41,554,624,101
806,116,212,924,190,768,362,154,558,681,706,595,66,205,327,227,931,775,857,500,427,407,614,403,619
263,77,138,58,788,332,821,192,641,746,539,819,880,659,220,509,507,775,307,189,309,2,400,562
114,927,644,944,767,152,620,243,220,205,580,698,508,652,325,655,794,500,790,996,355,520,714,545,548,52,615,897,256,75
98,677,958,300,215,786,123,46,651,294,342,197,632,493,279,556,234,680,247,424
976,115,674,673,317,90,778,158,794,350,845,167,170,494,888,6,533,877,430,891,249,592
98,126,216,123,649,25,758,502,12,679,363,109,715,480,574,65,730,604
604,999
220,659,48,958,219,187,795,936,495,768,666,521,492,378,899,468,358,626,105,73,88,870,741
594,638,964,798,312,450,13,821,665,359,469,358,627,670,414,897,88,733,265,438,577,706,411
509,370,834,284,271,10,363,482,440,199,430,105,71,587,591,422,780,264
59,788,178,289,727,40,536,706,830,44,956,858,778,653,679,462,276,446,737,6,712,568,54,692,1000
668,112,967,281,196,344,848,793,844,451,299,559,557,63,420,681
116,7,612,137,499
754,773,115,339,638,761,65,970,910,290
987,674,195,538,680,943
116,966,197,284,844,721,87,248,754,97,300,930,508,373,326,795,129,345,972,346,168,28,569,993,545,254,898,1000
212,133,317,660,17,867,285,334,153,620,82,885,349,223,693,699,673,25,502,793,522,352,162,990,257,89
765,571,383,848,947,193,983,436,388,579,85,754,67,597,694,637,149,474,305,189,290,462,548,233,732
161,713,358,918,870,38
783,683,332,312,362,38,363,480,720,552,86,61,708,437,85,252,93,149,305,296,934,347,322,491,162,992,51,893,258,730
67,10,431,968,904,177,88
144,93,786,598,760,228,326,502,335,844,152,451,542,428,6,565,583,80,606,568,140,76
67,114,339,122,774,651,917,119,427,994,736,236,882
261,802,319,11,531,109,889,65,557,268,819,249,604,412,143,96,752,223,508,839,307,275,445,30,51,876
161,766,569,469
152,349,184,187,900,759,130
260,319,761,330,197,948,513,42,41,173,918,627,63,637,853,856,270,656,756,974,427,297,733,870
806,638,474,498
802,786,137,927,980,337,640,363,534,41,884,556,554,707,61,603,775,371,473,796,2,521,464,407,909,808,525,901,619
138,991,642,926,38
784,762,845,418,745,81,578,266,143,811,597,391,328,911,348,929,10,541,545,490,611,714,876,872
770,805,852,227,788,953,15,916,496,488,974,275,432,455,819,72,437
260,138,216,450,288,747,556,813,598,699,22,914,370,797,308,630,273,181,464,374,468,443,875,614,403,731,587,236,871
765,132,58,318,661,159,489,727,535,534,481,245,244,248,437,551,69,121,638,227,650,972,791,404,470,525
763,764,570,219,280,330,450,191,512,574,243,772,49,773,204,770,474,656,713,357,584,613,587,692,562,425
677,213,950,971,308,346,284,460,748,542,151,532,545,614,608,680,562,732
125,262,676,805,682,200,914,17,334,836,275,162,480,627
571,626,519,603
397,617,619
908,471,887,438
830,595,782,978,771,930,25,157,938,291,12,153,530,541,482,442,471,545,876,701,104,590,742
595,222,69,684,187,18,330,295,436,109,399,872
686,503,805,95,394,371,189,948,181,626,885,63,905,744,998,411
815,986,150,466,42,40,904,234,72,553,619,883,264
966,672,73,336,130,975
125,98,510,890,907,671,660,663,336,550,706
669,988,651,35,932,23,218,679,172,991,749,873,606
860,114,750,329,92,395,35,946,159,343,24,973,986,284,922,3,512,533,340,565,553,628
468,91
753,852,136,456,397,9,155
754,49,657,210,818,314,34,176,768,793,810,435,170,494,626,549,142,411
117,685,33,157,37,513,172,419,609,249,265,694,580,328,932,758,859,347,899,718,612,990,909,809,876,587,692
314,158,663,13,923,640,430,609,721,606,249,850,753,951,499,839,833,810,277,494,610,466,467,442,545,1000
977,409,764,240,441,41,788,838,768
954,543,178,915
491,888
465,261,731,477,168,28,527
135,684,280,15,190,531,435,82,557,80,103,411,551,146,509,148,370,187,272,460,899,355,298,470,231
134,114,261,802,219,485,663,382,453,80,459,518,411,811,772,143,301,833,793,479,492,734,523,447,909,233,591
941,761,649,762,944,16,820,157,985,530,42,432,367,537,555,202,958,771,205,302,697,798,910,207,497,352,359,160,618,76
522,505,773,580,407,793,154,488,514
211,920,785,313,362,924,435,451,287,609,552,130,811,66,675,147,393,149,371,372,165,497,716,464,466,906,905,233,896
77,112,685,788,281,18,197,362,192,360,287,458,703,556,573,98,755,673,777,508,697,709,756,716,569,375,358,893,731
693,918,217,155
117,132,383,665,821,844,919,456,681,265,678,505,98,772,976,677,222,93,149,124,857,404,443,528,88
696,513,807,1,78,549,741
595,212,661,326,833,793,531,727,873,587,89,706
211,945,450,12,388,483,621,608,602,597,96,814,93,47,303,858,189,833,208,836,348,291,994,877,401,587,563,732
117,784,390,205,674,955,864,44,797,501,165,118,938,291,790,163,613,711,573,439,592
117,988,570,957,788,323,937,334,984,541,278,183,725,32,456,872,85
353,352,441,621,915,778,448,450,284,266
824,125,764,126,77,785,582,47,304,227,371,855,971,326,331,363,415,389,184,105,265,733,246
787,966,219,820,767,530,151,108,106,977,658,777,751,46,853,799,293,1,447,520,299,234,233,73,619
772,180,956,605
941,57,787,826,331,284,153,436,600,385,83,269,720,49,978,674,148,851,582,697,775,371,308,295,182
762,219,285,365,600,510,745,64,104,63,708,100,49,222,956,394,22,652,161,378,719,181,908,712,358,583,585,589
385,909,565,660,885,798,634,400,103,190,489
754,772,78,783,815,785,751,474,281,613,459,86,89
67,683,967,47,931,17,217,290,709,496,759,161,436,737,1,172,703,8,73,425,882,256
677,338,205,327,44,698,940,652,373,165,190,465,458,244,607,103,233,86,743
824,440
355,787,333,244,645,880
181,637,328,871,768
492,594,378,294,891,707,39
98,48,504,113,942,329,136,697,55,36,382,26,601,378,542,151,410,892,437,902,576
772,594,148,698,394,869,779,13,910,26,273,426,726,41,243,72,439,579,588,881,882,438
48,823,688,25,16,475,917,952,320,286,71,9,605
181,339,77,643,169,702,707
388,965,643,197,887
289,180,135,467,27,911,835
764,682,816,975
203,829,853,965,964,914,229,371,33,158,283,939,531,888,700,430,419,106,614,421,268,73
338,771,261,890,216,854,775,315,846,190,276,447,482,610,611,584,874,87,780,50
59,317,35,179,187,934,767,641,654,119,510,442,808,398
349,988,639,770,115,390,293,928,953,970,475,911,899,10,386,607,578,577
183,798,758
668,807,822,115,828,800,36,486,14,947,118,511,626,250,504,329,581,207,353,717,468,545,469,401,561
211,646,240,139,57,316,966,159,312,923,175,102,87,676,393,460,3,445,183,546,878,670,895,75,88
646,964,18,925,983,286,623,41,559,620,579,658,205,200,855,326,25,910,206,630,273,297,585,53,233,238
686,805,646,19,136,111,177,34,640,192,725,680,720,624,555,550,515,696,121,93,328,508,797,833,792,353,7,30,340,591
240,328,545,548,626,971,780,602
534,407,247
686,765,823,829,137,191,451,535,517,412,695,832,504,753,914,326,859,309,913,351,717,426,440,879,543,903,74,525,733
969,802,240,786,682,863,137,155,366,199,387,558,887,61,98,223,673,499,26,937,679,161,379,466,374,186,611,808,561,564
116,428,128,546,532,650
195,324,271
352,446,745,395,345
783,223,327,56,314,797,952,970,489,844,444,716,524,1,428,386,538,711,243,423,265
594,493,749,129,794,768,489
212,20,77,93,943,86,235,551
920,114,136,15,154,417,434,627,64,885,553,506,69,504,147,370,631,839,935,129,833,653,461,569,5,51,421,618
841,166,924,346,350,208,922,717,745,623,889,557,257,402,254
737,183,213,179,159,498
696,79,850,148,634,158,380,271,793,20,180,298,404,878,62,567,887,573,259,74,617,603
841,805,318,801,196,156,193,192,435,534,725,173,519,87,629,741,438,773,752,815,200,939,679,734,468,31,611,902
134,766,504,44,862,915,381,166,793,735,426,493,198,466,714,614,680,421,710,887,555,744,142
418,601,78,338,511,47,316,403,794,274
843,116,864,801,158,983,38,386,103,536,958,301,47,796,835,757,716,464,611,670,231,52,891,256
303,665,921,209
920,318,56,761,787,643,171,286,534,266,780,742,883,505,148,328,972,757,542,908,6,442,403,731,254
802,982,314,869,986,489,12,983,433,726,725,607,819,883,678,595,505,832,771,309,835,791,929,51,232,528,563
203,224,138,94,828,954,46,485,944,274,983,929,511,919,456,107,245,410,614,81,422
221,677,227,643,36,197,498,522,357,575,52,62,702,744,60,130
786,216,381,177,923,724,559,573,102,87,247,706,755,203,251,954,46,857,271,273,460,409,610,231,586,618,591,563,896
783,511,181,800,34,498,335
117,330,218,334,921,335,151,452,387,884,82,249,603,246,675,328,90,293,372,355,51,906,526,425
356,671,918,81,592
783,688,112,643,486,986,924,453,558,886,519,680,573,86,550,125,597,776,93,162,718,375,471,568
58,942,966,213,927,643,176,663,846,488,435,109,725,86,393,323,973,758,477,792,440,8,590,74,901,527
639,814,95,675,942,136,863,16,937,679,482,612,919,70,721,586,233,81,526,235,692,870,514
570,213,46,862,370,950,963,867,361,13,362,558,546,385,605,617
781,840,224,635,854,214,486,272,334,512,163,523,430,876,608,254,743,264
842,391,210,828,200,383,633,294,169,450,168,208,288,171,727,388,175,52,100,883,593
806,126,976,300,391,941,301,136,394,331,295,282,600,993,889,367,808,886,141,628
78
457,955,232,789,325,792
989,669,683,682,535,725,625,659,145,818,915,320,913,275,716,239,492,278,183,993,546,991,898,527
327,968,225,789,838,499,934,343,495,464,185,711,423,742
686,739,532,229
200,838,178,39,986,496,310,985,522,719,279,533,419,4,258,256,141,50
860,506,812,753,252,955,147,862,22,799,661,734,433,396,259,526,707,237
115,56,433,416,151,622,724,456,518,741,811,97,508,227,394,972,939,521,375,877,809,876,403,527
860,782,777,329,875,514,335,360
668,784,533,565,897,411,913
457,598,13,157,37,667
117,745,784,610,852,406,927,341,875,280
842,807,300,78,147,323,343,944,663,418,993,458,40,105,60
782,969,954,854,762,214,473,934,24,351,38,239,355,416,181,713,700,64,245,236,130
781,453,791,657,840,785,714,331,271,207,100
774,869,154
752,805,392,57,957,149,965,775,188,90,663,171,416,355,907,533,359,749,105
806,211,842,319,849,985,366,108,918,704,681,99,605,439,100,220,597,852,328,777,851,951,500,276,10,1,493,738
773,94,966
850,570,673,672,213,124,394,383,849,758,792,3,171,287,458,5,367,723,549,744,422
784,210,688,762,35,384,436,728,415,727,109,369,199,172,533,881,125,812,695,94,393,301,201,293,167,939,440,441,809,142
830,783,121,92,303,197,709,630,418,716,622,232,876,552,439,551
180,19,724,931,394,490,18,81,346,999
861,824,959,755,841,581,960,655,769,454,416,183,107,52,584,254,880,587,235,101
67,144,658,45,598,137,642,332,166,833,531,491,494,369,184,299,918,443,71,269,617,142
261,55,317,487,330,218,331,944,986,156,885,554,886,267,603,551,391,23,295,345,834,466,423,897,998
597
841,682,927,661,197,451,415,700,621,721,880,578,438,97,815,46,838,371,187,795,347,167,375,403,399
803,456,982,873,459,439,50,500
671,137,229,343,217,335,667,729,389,185,400,516,588,237
204,59,58,213,924,947,351,150,524,431,387,875,704,590
339,137,789,384,13,190,20,454,725,202,127,580,673,329,227,188,778,758,679,426,521,10,470,567,902
989,823,15,307,767,986,502,494,357,714,722,701,733
806,134,807,332,194,18,39,821,118,435,723,554,413,881,577,143,505,250,226,92,933,270,162,493,470,258,906,403,525,235
669,822,805,968,967,788,285,192,745,919,720,81,958,300,503,832,814,954,634,180,447,184,31,526,74,895,50
668,66,203,212,122,91,697,295,382,936,161,150,739,877,703,573,892,101,449,516,733
825,133,649,928,845,748,700,703,702,552,604,98,978,124,326,290,709,717,908,738,472,403,591,564
828,319,156,985,489,335,453,727,726,369,199,620,723,703,515,694,771,121,672,794,27,466,610,340,612,185,906,616,900,564
595,78,979,68,224,864,508,499,916,330,820,165,759,190,118,455,472,578,691,561,130,780,619
764,675,216,930,636,581,927,294,953,373,935,758,152,276,521,445,150,164,5,611,720,883
314,219,157,119,510,431,681,606,514,674,123,227,293,325,972,759,208,500,524,277,428,160,878,51,808,8,449,424
843,920,966,486,129,292,291,366,357,4,893,236,438
262,114,784,942,762,943,866,313,665,118,601,432,419,721,242,515,411,582,778,656,479,1,992,376
843,349,221,987,674,750,599,215,332,964,644,943,382,917,654,376,238,237
79,831,205,571,853,940,219,169,933,857,947,922,417,404,612,376,64,554,711
695,260,392,19,304,792,119,2,405,374,6,368,886,518
763,668,823,786,682,684,963,33,13,455,268,976,126,639,391,149,581,46,326,29,322,463,352,879,907
113,570,925,947,749,881,247,515,550,437,514,221,773,693,44,91,342,858,478,794,653,292,679,757,467,714,258,808,905
913
979,147,647,816,570,838,703,709
595,770,164,42,314,382,373,692,872
786,470,376,35,575
966,915,187,644,296,450,630,653,497,908,387,557,608,71,254,1000
48,734,252,823,786,638,775,886,449,273
53
807,646,647,200,137,332,370,838,655,768,156,500,716,447,993,432,5,232,556,886,526,266,550
444
48,222,802,854,962,176,346,757,454,417,183,376,876,72,871,731,707,617,576,411
842,223,240,305,187,346,921,666,360,427,455,422
861,783,338,766,803,216,965,281,158,39,380,289,457,109,575,608,702,248,772,560,890,697,209,276,465,428,238
125,771,968,383,254,155
804,333,155,118,170,452,106,701,268,743,248,603,550,958,391,813,302,796,759,937,274,757,995,404,490,614,691
621,520,91,948
967,136,665,365,286,482,534,537,411,69,639,852,509,328,301,673,636,230,293,371,206,653,540,408,162,375,8,88
920,969,112,39,118,769,433,745,389,386,722,574,603,125,202,97,144,752,751,230,292,406,904,547,402,525,89
117,646,682,803,760,317,281,945,337,665,156,43,722,459,413,220,393,225,23,934,795,271,912,1,181,30,404,614,895
349,674,122,159,911,985,192,444,409,162,150,718,992,467,681,60,88
971,629
115
988,95,805,228,330,949,14,322,209,997,719,231,398,892,249,413,246
865,15,33,531,512,436,416,199,41,557,605,267,560,149,956,855,650,189,656,793,322,409,543,809,670,547,422
1
